(-30, 22), (7, -7), (-9, 11),
(-21, 12), (-15, 9), (-22, 21),
(-14, 7), (-27, 17), (-27, 19),
(-30, 23), (8, -8), (-11, 14),
(-19, 11), (-15, 11), (-24, 23),
(-15, 7), (-29, 17), (-28, 18),
(-26, 21), (10, -11), (-13, 16),
(-20, 12), (-14, 13), (-24, 22),
(-15, 8), (-26, 16), (-29, 20),
(-22, 16), (6, -7), (-14, 17),
(-20, 11), (-13, 12), (-24, 22),
(-16, 9), (-26, 16), (-28, 18),
(-21, 16), (1, -2), (-17, 19),
(-19, 11), (-14, 13), (-24, 22),
(-18, 10), (-26, 16), (-27, 18),
(-23, 16), (-2, 3), (-18, 21),
(-15, 8), (-19, 16), (-25, 20),
(-19, 9), (-22, 11), (-24, 14),
(-22, 14), (-3, 6), (-17, 20),
(-15, 8), (-17, 13), (-26, 20),
(-21, 12), (-20, 12), (-18, 11),
(-20, 13), (-3, 7), (-16, 19),
(-17, 9), (-18, 14), (-22, 18),
(-20, 11), (-19, 10), (-17, 10),
(-19, 13), (-7, 10), (-14, 19),
(-16, 8), (-20, 14), (-22, 17),
(-19, 10), (-18, 10), (-16, 9),
(-19, 12), (-7, 8), (-11, 18),
(-14, 9), (-20, 15), (-20, 16),
(-18, 9), (-19, 11), (-17, 10),
(-20, 13), (-8, 9), (-11, 18),
(-15, 8), (-20, 14), (-20, 15),
(-18, 9), (-20, 12), (-18, 11),
(-16, 11), (-7, 9), (-13, 19),
(-17, 10), (-18, 13), (-18, 14),
(-19, 9), (-17, 9), (-19, 11),
(-13, 11), (-6, 12), (-16, 20),
(-18, 11), (-15, 14), (-17, 15),
(-23, 12), (-17, 10), (-20, 12),
(-5, 5), (-10, 15), (-17, 19),
(-16, 12), (-14, 16), (-13, 15),
(-22, 12), (-16, 9), (-20, 12),
(-5, 5), (-14, 17), (-9, 12),
(-10, 10), (-14, 17), (-12, 18),
(-20, 13), (-18, 11), (-15, 11),
(-11, 12), (-14, 15), (-11, 13),
(-14, 14), (-12, 14), (-11, 16),
(-18, 10), (-20, 11), (-12, 9),
(-7, 7), (-13, 15), (-8, 11),
(-15, 14), (-15, 17), (-11, 16),
(-19, 12), (-21, 12), (-16, 11),
(-6, 5), (-21, 23), (-13, 19),
(-21, 19), (-23, 20), (-18, 19),
(-24, 15), (-26, 16), (-25, 16),
(7, -9), (-10, 9), (1, -2),
(-15, 11), (-20, 26), (-16, 25),
(-29, 19), (-30, 19), (-29, 19),
(4, -6), (-14, 14), (-1, 3),
(-24, 19), (-25, 25), (-21, 26),
(-27, 18), (-31, 19), (-34, 22),
(-9, 6), (-22, 21), (-13, 19),
(-30, 20), (-30, 22), (-30, 24),
(-21, 12), (-25, 15), (-29, 18),
(-29, 23), (-19, 18), (-20, 23),
(-27, 17), (-32, 21), (-35, 24),
(-19, 12), (-21, 12), (-21, 13),
(-30, 20), (-27, 20), (-24, 22),
(-24, 13), (-28, 16), (-35, 22),
(-18, 9), (-18, 8), (-18, 9),
(-27, 19), (-29, 20), (-28, 23),
(-23, 14), (-28, 17), (-36, 22),
(-18, 10), (-17, 8), (-18, 10),
(-27, 18), (-31, 21), (-32, 25),
(-22, 11), (-27, 16), (-35, 20),
(-21, 11), (-14, 6), (-18, 10),
(-21, 14), (-34, 23), (-36, 26),
(-20, 10), (-25, 14), (-35, 21),
(-20, 10), (-15, 7), (-17, 9),
(-20, 13), (-31, 21), (-31, 24),
(-20, 11), (-27, 16), (-37, 23),
(-21, 11), (-15, 7), (-18, 9),
(-17, 12), (-28, 21), (-29, 23),
(-20, 11), (-32, 19), (-38, 24),
(-23, 12), (-18, 10), (-24, 13),
(-15, 11), (-21, 18), (-18, 15),
(-19, 12), (-35, 22), (-37, 27),
(-19, 10), (-23, 14), (-32, 19),
(-15, 11), (-4, 2), (-3, 2),
(-19, 13), (-33, 23), (-32, 25),
(-20, 12), (-28, 18), (-38, 24),
(-16, 11), (4, -7), (-2, 1),
(-20, 15), (-30, 24), (-28, 25),
(-19, 11), (-30, 19), (-39, 25),
(-14, 8), (5, -8), (-1, 1),
(-19, 14), (-25, 21), (-21, 18),
(-19, 11), (-33, 21), (-39, 26),
(-10, 6), (3, -5), (-1, 1),
(-23, 16), (-29, 23), (-16, 14),
(-22, 13), (-30, 19), (-38, 26),
(-8, 7), (-10, 9), (-1, 1),
(-28, 20), (-29, 22), (-18, 14),
(-21, 13), (-29, 18), (-37, 24),
(-12, 9), (-16, 15), (3, -3),
(-29, 20), (-32, 22), (-31, 23),
(-20, 11), (-29, 17), (-35, 21),
(-22, 18), (-20, 17), (5, -5),
(-29, 17), (-37, 23), (-37, 26),
(-19, 11), (-28, 16), (-33, 20),
(-25, 20), (-16, 13), (10, -12),
(-32, 19), (-36, 24), (-32, 25),
(-21, 11), (-27, 15), (-30, 17),
(-28, 21), (-9, 7), (10, -13),
(-34, 19), (-37, 25), (-31, 23),
(-23, 13), (-29, 17), (-30, 19),
(-26, 20), (1, -3), (11, -15),
(-35, 21), (-33, 23), (-29, 23),
(-26, 14), (-29, 16), (-31, 20),
(-24, 18), (1, -2), (10, -14),
(-36, 21), (-35, 24), (-27, 20),
(-24, 12), (-25, 13), (-34, 20),
(-18, 15), (1, -1), (11, -14),
(-38, 23), (-34, 24), (-27, 20),
(-25, 13), (-29, 16), (-33, 19),
(-6, 6), (9, -10), (16, -19),
(-35, 22), (-25, 19), (-16, 12),
(-30, 16), (-37, 22), (-33, 21),
(-6, 6), (3, -3), (14, -17),
(-28, 21), (-19, 14), (-10, 8),
(-37, 21), (-35, 21), (-32, 21),
(-4, 4), (-2, 3), (14, -16),
(-27, 22), (-18, 14), (-9, 8),
(-37, 22), (-34, 22), (-33, 22),
(2, -1), (3, -1), (14, -17),
(-29, 20), (-22, 16), (-19, 15),
(-36, 20), (-32, 19), (-31, 19),
(1, 0), (0, 0), (5, -8),
(-32, 22), (-30, 22), (-28, 23),
(-28, 15), (-29, 17), (-23, 14),
(4, -6), (3, -4), (-1, -1),
(-32, 22), (-27, 20), (-28, 23),
(-31, 16), (-28, 16), (-22, 13),
(12, -14), (11, -12), (-1, 0),
(-28, 20), (-20, 14), (-25, 21),
(-32, 18), (-28, 16), (-20, 12),
(15, -19), (15, -19), (5, -7),
(-16, 9), (-10, 7), (-20, 19),
(-34, 20), (-29, 19), (-24, 16),
(15, -18), (16, -20), (7, -9),
(-3, -1), (5, -8), (-6, 6),
(-33, 22), (-30, 20), (-27, 20),
(15, -18), (14, -17), (2, -3),
(-1, -2), (12, -14), (0, -1),
(-29, 21), (-27, 19), (-26, 19),
(11, -14), (9, -12), (1, -2),
(-5, 3), (9, -11), (6, -8),
(-28, 21), (-26, 19), (-25, 21),
(14, -17), (13, -17), (5, -7),
(-16, 13), (-1, -1), (4, -6),
(-29, 20), (-28, 19), (-27, 20),
(13, -15), (15, -18), (11, -14),
(-24, 19), (-11, 10), (1, -3),
(-29, 21), (-29, 20), (-29, 22),
(0, -3), (7, -9), (15, -19),
(-26, 21), (-23, 18), (-11, 9),
(-33, 24), (-29, 20), (-28, 20),
(-20, 15), (-13, 10), (7, -11),
(-26, 23), (-28, 21), (-24, 19),
(-31, 19), (-28, 16), (-25, 16),
(-26, 22), (-26, 20), (-6, 2),
(-31, 25), (-27, 22), (-30, 25),
(-27, 16), (-28, 16), (-21, 14),
(-27, 23), (-26, 22), (-15, 11),
(-38, 26), (-28, 22), (-29, 22),
(-20, 12), (-24, 13), (-19, 10),
(-35, 25), (-26, 23), (-24, 20),
(-39, 23), (-29, 18), (-27, 18),
(-16, 10), (-21, 10), (-17, 8),
(-39, 25), (-29, 24), (-26, 21),
(-35, 20), (-29, 17), (-26, 16),
(-15, 9), (-20, 11), (-17, 8),
(-40, 24), (-33, 24), (-27, 24),
(-31, 18), (-28, 16), (-26, 16),
(-15, 8), (-19, 10), (-15, 6),
(-39, 25), (-39, 26), (-29, 25),
(-30, 17), (-29, 16), (-26, 16),
(-13, 7), (-18, 9), (-14, 6),
(-39, 26), (-37, 25), (-31, 25),
(-30, 18), (-32, 18), (-27, 18),
(-13, 6), (-18, 9), (-17, 8),
(-38, 28), (-38, 26), (-34, 25),
(-31, 20), (-37, 25), (-31, 22),
(-15, 10), (-19, 13), (-21, 13),
(-36, 26), (-34, 28), (-33, 25),
(-31, 19), (-36, 26), (-36, 24),
(-15, 8), (-18, 11), (-23, 13),
(-38, 27), (-32, 26), (-29, 25),
(-31, 19), (-37, 27), (-34, 25),
(-17, 8), (-20, 13), (-26, 15),
(-38, 27), (-33, 28), (-28, 25),
(-29, 17), (-35, 26), (-31, 26),
(-17, 9), (-23, 15), (-26, 15),
(-38, 26), (-31, 28), (-26, 25),
(-29, 17), (-37, 26), (-32, 26),
(-20, 12), (-21, 14), (-25, 16),
(-37, 24), (-34, 28), (-28, 27),
(-25, 15), (-35, 24), (-33, 26),
(-16, 8), (-17, 11), (-22, 13),
(-35, 22), (-35, 27), (-28, 28),
(-24, 14), (-34, 21), (-35, 25),
(-15, 8), (-17, 11), (-20, 12),
(-34, 20), (-35, 25), (-29, 25),
(-24, 14), (-33, 20), (-35, 23),
(-14, 6), (-15, 9), (-19, 11),
(-32, 20), (-36, 27), (-33, 28),
(-24, 13), (-30, 17), (-31, 19),
(-12, 4), (-14, 8), (-17, 8),
(-30, 18), (-38, 26), (-34, 27),
(-24, 13), (-25, 14), (-29, 17),
(-11, 4), (-13, 7), (-16, 9),
(-30, 18), (-37, 24), (-34, 26),
(-20, 10), (-25, 14), (-28, 16),
(-9, 2), (-11, 4), (-14, 6),
(-29, 17), (-37, 24), (-36, 27),
(-20, 10), (-23, 13), (-29, 17),
(-9, 3), (-12, 6), (-16, 8),
(-27, 15), (-34, 21), (-38, 26),
(-15, 6), (-19, 9), (-25, 14),
(-6, 1), (-12, 5), (-16, 7),
(-20, 12), (-32, 19), (-39, 26),
(-11, 5), (-17, 9), (-22, 13),
(-5, 2), (-12, 6), (-16, 8),
(-10, 4), (-29, 17), (-38, 24),
(-6, 2), (-16, 8), (-21, 12),
(-2, 0), (-9, 3), (-12, 4),
(-4, 0), (-25, 13), (-36, 22),
(-3, 1), (-13, 6), (-17, 9),
(-2, 0), (-7, 2), (-11, 3),
(-2, 0), (-22, 13), (-31, 19),
(-2, 0), (-10, 3), (-14, 6),
(-2, 0), (-6, 1), (-10, 4),
(-4, 0), (-22, 11), (-32, 19),
(-3, 0), (-11, 5), (-14, 7),
(-2, 0), (-7, 2), (-11, 5),
(-10, 4), (-22, 12), (-33, 20),
(-5, 2), (-11, 6), (-13, 7),
(-2, 0), (-7, 2), (-11, 4),
(-9, 4), (-22, 13), (-33, 20),
(-4, 1), (-11, 5), (-14, 7),
(-2, 0), (-8, 3), (-12, 5),
(-10, 4), (-22, 11), (-31, 18),
(-5, 0), (-11, 3), (-14, 7),
(-2, 1), (-9, 4), (-12, 5),
(-13, 6), (-23, 12), (-34, 21),
(-7, 2), (-12, 4), (-20, 11),
(-3, 0), (-8, 3), (-10, 2),
(-18, 11), (-27, 17), (-38, 25),
(-12, 5), (-15, 7), (-21, 12),
(-6, 2), (-9, 4), (-11, 5),
(-21, 11), (-28, 16), (-33, 22),
(-12, 6), (-19, 10), (-17, 10),
(-9, 3), (-10, 4), (-16, 7),
(-20, 11), (-27, 16), (-26, 17),
(-11, 5), (-17, 9), (-17, 8),
(-8, 3), (-8, 3), (-17, 7),
(-22, 12), (-33, 20), (-27, 20),
(-15, 7), (-19, 11), (-17, 10),
(-9, 3), (-10, 4), (-19, 9),
(-27, 15), (-37, 23), (-29, 21),
(-21, 11), (-20, 11), (-18, 11),
(-9, 5), (-15, 8), (-19, 10),
(-28, 15), (-33, 21), (-27, 21),
(-19, 10), (-19, 11), (-22, 14),
(-9, 3), (-15, 6), (-22, 11),
(-31, 17), (-30, 20), (-29, 21),
(-21, 10), (-18, 9), (-23, 14),
(-10, 2), (-17, 7), (-20, 9),
(-28, 16), (-27, 18), (-30, 22),
(-20, 10), (-18, 11), (-23, 14),
(-11, 4), (-20, 9), (-22, 11),
(-27, 14), (-28, 19), (-32, 21),
(-18, 10), (-20, 13), (-25, 16),
(-11, 4), (-19, 9), (-19, 9),
(-26, 16), (-30, 20), (-36, 26),
(-16, 8), (-21, 13), (-24, 16),
(-13, 5), (-21, 10), (-16, 6),
(-26, 15), (-30, 19), (-38, 26),
(-16, 8), (-24, 13), (-21, 12),
(-17, 8), (-17, 6), (-14, 6),
(-18, 11), (-29, 18), (-37, 24),
(-21, 11), (-19, 9), (-17, 9),
(-19, 7), (-17, 7), (-16, 6),
(-25, 13), (-35, 23), (-42, 27),
(-24, 13), (-17, 8), (-24, 14),
(-22, 8), (-14, 5), (-14, 5),
(-31, 20), (-38, 25), (-40, 27),
(-23, 13), (-20, 11), (-26, 14),
(-17, 7), (-13, 5), (-15, 4),
(-32, 20), (-35, 24), (-39, 27),
(-24, 15), (-20, 11), (-27, 16),
(-21, 8), (-12, 4), (-15, 5),
(-31, 22), (-37, 26), (-38, 28),
(-22, 13), (-26, 16), (-33, 21),
(-13, 5), (-13, 5), (-14, 3),
(-26, 17), (-36, 23), (-38, 27),
(-18, 9), (-25, 14), (-25, 15),
(-11, 2), (-13, 3), (-12, 2),
(-29, 19), (-33, 22), (-38, 26),
(-17, 7), (-19, 10), (-25, 14),
(-11, 2), (-13, 3), (-12, 2),
(-33, 24), (-23, 19), (-33, 25),
(-20, 11), (-24, 14), (-31, 20),
(-14, 5), (-12, 3), (-14, 4),
(-29, 21), (-21, 17), (-32, 24),
(-20, 11), (-22, 13), (-28, 18),
(-14, 5), (-12, 3), (-14, 4),
(-30, 20), (-22, 17), (-31, 23),
(-21, 12), (-17, 8), (-24, 15),
(-14, 5), (-11, 2), (-12, 3),
(-30, 19), (-20, 16), (-29, 22),
(-20, 10), (-16, 7), (-23, 14),
(-14, 3), (-10, 1), (-12, 2),
(-30, 19), (-22, 16), (-26, 20),
(-20, 12), (-16, 7), (-23, 13),
(-14, 5), (-10, 2), (-12, 4),
(-29, 19), (-26, 19), (-22, 18),
(-19, 12), (-19, 9), (-20, 11),
(-19, 7), (-13, 5), (-13, 4),
(-28, 17), (-30, 22), (-20, 18),
(-16, 10), (-21, 12), (-20, 11),
(-16, 6), (-15, 5), (-11, 3),
(-28, 17), (-32, 23), (-19, 21),
(-16, 9), (-19, 10), (-20, 11),
(-14, 5), (-16, 7), (-13, 4),
(-25, 14), (-26, 20), (-17, 22),
(-18, 10), (-22, 14), (-28, 18),
(-15, 5), (-21, 11), (-15, 7),
(-22, 12), (-25, 22), (-17, 22),
(-21, 11), (-28, 18), (-29, 21),
(-16, 7), (-21, 12), (-20, 10),
(-23, 13), (-24, 20), (-15, 20),
(-21, 11), (-28, 20), (-29, 23),
(-15, 7), (-21, 12), (-21, 11),
(-28, 19), (-23, 21), (-18, 24),
(-25, 14), (-30, 21), (-25, 23),
(-16, 9), (-22, 14), (-22, 11),
(-29, 21), (-16, 16), (-12, 17),
(-32, 20), (-28, 22), (-17, 24),
(-15, 9), (-27, 16), (-26, 15),
(-24, 18), (-15, 15), (-3, 10),
(-30, 22), (-25, 22), (-18, 27),
(-15, 8), (-28, 17), (-29, 17),
(-10, 9), (-11, 13), (5, -3),
(-26, 20), (-22, 23), (-16, 26),
(-24, 15), (-32, 21), (-31, 21),
(-3, 4), (0, 0), (11, -11),
(-22, 18), (-18, 22), (-15, 24),
(-28, 18), (-33, 22), (-35, 25),
(-3, 3), (7, -7), (12, -14),
(-20, 15), (-15, 18), (-10, 18),
(-29, 18), (-35, 24), (-35, 24),
(-1, 0), (11, -12), (12, -13),
(-20, 14), (-18, 18), (-16, 18),
(-28, 18), (-34, 22), (-36, 23),
(0, 0), (13, -15), (12, -13),
(-27, 19), (-24, 20), (-21, 20),
(-27, 15), (-33, 18), (-37, 21),
(5, -6), (15, -18), (13, -15),
(-27, 20), (-21, 16), (-21, 20),
(-28, 17), (-35, 23), (-38, 25),
(11, -15), (16, -21), (11, -11),
(-29, 20), (-27, 22), (-28, 25),
(-29, 15), (-36, 21), (-33, 19),
(1, -6), (4, -9), (1, 2),
(-34, 23), (-33, 24), (-33, 24),
(-23, 12), (-33, 18), (-25, 14),
(-8, 4), (-2, 0), (-4, 6),
(-35, 22), (-36, 25), (-36, 24),
(-21, 11), (-29, 16), (-22, 11),
(-18, 12), (-10, 7), (-10, 9),
(-37, 22), (-37, 24), (-36, 24),
(-18, 8), (-24, 12), (-17, 6),
(-27, 19), (-19, 16), (-21, 20),
(-38, 21), (-37, 22), (-33, 20),
(-15, 6), (-22, 11), (-17, 7),
(-31, 21), (-27, 22), (-26, 24),
(-35, 18), (-36, 20), (-33, 19),
(-15, 5), (-20, 8), (-16, 6),
(-28, 20), (-17, 14), (-15, 13),
(-38, 21), (-37, 22), (-35, 21),
(-18, 8), (-22, 11), (-18, 8),
(-20, 15), (-14, 11), (-12, 11),
(-40, 22), (-37, 23), (-35, 23),
(-21, 9), (-24, 12), (-19, 9),
(-18, 14), (-18, 17), (-16, 13),
(-39, 22), (-37, 23), (-36, 23),
(-22, 10), (-22, 10), (-18, 6),
(-27, 19), (-28, 22), (-29, 21),
(-35, 18), (-35, 19), (-32, 19),
(-19, 8), (-21, 9), (-18, 7),
(-29, 20), (-32, 25), (-33, 23),
(-34, 18), (-34, 18), (-30, 17),
(-18, 6), (-21, 8), (-19, 7),
(-34, 21), (-34, 22), (-33, 23),
(-31, 16), (-28, 15), (-27, 15),
(-17, 6), (-20, 8), (-17, 6),
(-36, 22), (-36, 23), (-33, 22),
(-27, 14), (-27, 14), (-23, 11),
(-16, 6), (-19, 8), (-17, 6),
(-36, 20), (-38, 23), (-33, 21),
(-24, 11), (-25, 12), (-22, 11),
(-16, 5), (-14, 5), (-14, 5),
(-38, 22), (-36, 21), (-31, 19),
(-20, 9), (-24, 11), (-21, 11),
(-15, 4), (-12, 3), (-14, 5),
(-38, 21), (-38, 22), (-33, 20),
(-19, 7), (-20, 8), (-19, 8),
(-16, 4), (-10, 2), (-13, 4),
(-38, 22), (-39, 24), (-34, 21),
(-17, 7), (-19, 9), (-19, 9),
(-15, 4), (-9, 2), (-14, 4),
(-38, 21), (-38, 23), (-34, 21),
(-16, 6), (-18, 9), (-19, 10),
(-16, 5), (-11, 2), (-14, 5),
(-30, 16), (-35, 20), (-27, 17),
(-14, 4), (-11, 2), (-16, 7),
(-16, 4), (-11, 1), (-15, 5),
(-24, 10), (-27, 13), (-25, 14),
(-13, 4), (-10, 2), (-14, 6),
(-15, 2), (-13, 3), (-15, 5),
(-20, 7), (-21, 9), (-19, 8),
(-14, 3), (-8, 0), (-10, 2),
(-12, 0), (-15, 3), (-13, 3),
(-19, 7), (-15, 6), (-15, 6),
(-16, 3), (-12, 2), (-9, 1),
(-9, -4), (-16, 2), (-12, 0),
(-18, 7), (-14, 4), (-13, 4),
(-12, 0), (-13, 3), (-8, 0),
(-9, -4), (-14, 2), (-13, 1),
(-15, 4), (-11, 2), (-10, 2),
(-12, -1), (-15, 6), (-11, 3),
(-9, -3), (-13, 0), (-14, 2),
(-12, 1), (-14, 4), (-6, 0),
(-11, -2), (-12, 0), (-14, 3),
(-8, -4), (-12, -3), (-14, 0),
(-12, 1), (-16, 5), (-10, 1),
(-11, -3), (-12, -1), (-15, 3),
(-8, -4), (-12, -4), (-15, 0),
(-14, 2), (-17, 6), (-11, 3),
(-11, -2), (-12, -1), (-15, 4),
(-9, -3), (-12, -6), (-12, -2),
(-13, 1), (-15, 3), (-13, 4),
(-11, -3), (-12, -1), (-14, 3),
(-9, -3), (-13, -6), (-12, -2),
(-14, 1), (-16, 4), (-15, 5),
(-9, -3), (-12, -2), (-12, 1),
(-6, -3), (-12, -8), (-11, -4),
(-12, -1), (-15, 2), (-14, 4),
(-10, -4), (-12, -3), (-13, 1),
(-7, -4), (-11, -8), (-12, -5),
(-13, -1), (-15, 2), (-15, 5),
(-10, -4), (-12, -4), (-13, 1),
(-7, -2), (-11, -8), (-13, -4),
(-12, -2), (-15, 1), (-15, 5),
(-11, -5), (-12, -4), (-11, 0),
(-6, -3), (-9, -9), (-11, -7),
(-13, -1), (-14, 2), (-13, 4),
(-9, -6), (-14, -4), (-12, 0),
(-5, -4), (-10, -11), (-10, -7),
(-12, -2), (-13, 1), (-12, 2),
(-9, -7), (-13, -5), (-11, -1),
(-7, -2), (-9, -11), (-10, -6),
(-13, -2), (-14, 1), (-11, 2),
(-9, -5), (-14, -4), (-13, 1),
(-5, -3), (-9, -11), (-9, -6),
(-14, -1), (-13, 0), (-13, 3),
(-9, -6), (-14, -5), (-12, -1),
(-6, -3), (-8, -12), (-8, -5),
(-14, -1), (-13, 1), (-13, 3),
(-9, -8), (-13, -4), (-13, -2),
(-6, -4), (-9, -12), (-7, -7),
(-15, -3), (-11, -2), (-12, 1),
(-9, -9), (-13, -7), (-13, -2),
(-5, -5), (-7, -14), (-6, -6),
(-14, -3), (-11, -1), (-11, 0),
(-8, -11), (-13, -7), (-12, -3),
(-3, -6), (-8, -13), (-5, -9),
(-16, -2), (-11, -2), (-12, 0),
(-8, -11), (-13, -6), (-14, -2),
(-5, -5), (-8, -15), (-6, -7),
(-19, 1), (-12, 0), (-13, 1),
(-10, -9), (-12, -6), (-13, -3),
(-5, -7), (-8, -14), (-7, -5),
(-19, 4), (-13, 3), (-14, 4),
(-13, -5), (-13, -3), (-13, -1),
(-8, -6), (-10, -11), (-9, -4),
(-19, 4), (-14, 4), (-11, 1),
(-14, -3), (-13, -2), (-13, 1),
(-9, -7), (-12, -8), (-11, -3),
(-18, 5), (-14, 5), (-10, 1),
(-17, 0), (-13, 1), (-13, 0),
(-11, -6), (-12, -5), (-12, -1),
(-17, 5), (-18, 9), (-13, 4),
(-19, 2), (-13, 2), (-12, 0),
(-11, -7), (-10, -3), (-12, -2),
(-17, 6), (-20, 10), (-19, 8),
(-20, 5), (-15, 5), (-13, 3),
(-14, -5), (-10, -3), (-13, -1),
(-17, 8), (-21, 10), (-19, 11),
(-19, 5), (-16, 7), (-12, 4),
(-17, 0), (-10, 0), (-13, 1),
(-17, 7), (-20, 9), (-19, 10),
(-17, 4), (-15, 8), (-13, 5),
(-18, 0), (-12, 0), (-12, 0),
(-20, 8), (-19, 9), (-21, 11),
(-15, 4), (-16, 7), (-17, 8),
(-19, 3), (-15, 4), (-12, 2),
(-30, 16), (-33, 19), (-31, 18),
(-16, 6), (-17, 8), (-19, 10),
(-17, 4), (-16, 8), (-14, 7),
(-39, 22), (-40, 23), (-34, 23),
(-19, 8), (-20, 9), (-21, 10),
(-16, 4), (-15, 6), (-15, 7),
(-38, 23), (-37, 24), (-28, 20),
(-27, 13), (-30, 15), (-26, 15),
(-15, 4), (-13, 4), (-18, 7),
(-36, 25), (-33, 25), (-25, 22),
(-35, 19), (-37, 21), (-31, 21),
(-16, 4), (-16, 5), (-16, 5),
(-32, 25), (-30, 24), (-15, 13),
(-39, 24), (-39, 26), (-32, 24),
(-23, 11), (-24, 11), (-20, 10),
(-26, 22), (-20, 17), (-4, 3),
(-38, 27), (-34, 28), (-27, 24),
(-33, 17), (-33, 19), (-26, 16),
(-21, 19), (-17, 16), (4, -2),
(-35, 27), (-29, 28), (-25, 24),
(-37, 23), (-38, 26), (-31, 22),
(-21, 20), (-21, 19), (3, -1),
(-30, 25), (-20, 20), (-15, 14),
(-38, 26), (-34, 28), (-28, 22),
(-21, 20), (-17, 15), (1, 0),
(-27, 25), (-15, 14), (-8, 11),
(-36, 28), (-29, 28), (-24, 21),
(-22, 20), (-14, 13), (-2, 3),
(-27, 25), (-15, 14), (-9, 11),
(-35, 26), (-28, 26), (-17, 16),
(-20, 18), (-15, 14), (-6, 6),
(-26, 25), (-14, 13), (-6, 7),
(-37, 29), (-28, 26), (-16, 15),
(-20, 19), (-16, 14), (-5, 7),
(-30, 27), (-16, 14), (-7, 8),
(-38, 27), (-30, 27), (-16, 14),
(-21, 19), (-21, 19), (-3, 4),
(-33, 28), (-20, 19), (-5, 6),
(-40, 28), (-35, 28), (-23, 19),
(-21, 20), (-23, 21), (0, 1),
(-36, 28), (-26, 24), (-3, 4),
(-41, 26), (-37, 28), (-26, 22),
(-24, 24), (-24, 23), (-3, 3),
(-40, 29), (-32, 27), (-6, 6),
(-40, 25), (-40, 28), (-28, 23),
(-24, 19), (-24, 25), (-11, 9),
(-41, 26), (-33, 27), (-14, 12),
(-40, 23), (-40, 27), (-32, 25),
(-25, 17), (-25, 24), (-13, 12),
(-43, 27), (-35, 28), (-25, 23),
(-35, 20), (-41, 26), (-36, 26),
(-24, 15), (-28, 27), (-18, 18),
(-41, 26), (-38, 30), (-31, 28),
(-34, 20), (-40, 25), (-39, 27),
(-23, 12), (-31, 28), (-23, 24),
(-37, 21), (-40, 29), (-34, 29),
(-30, 17), (-40, 24), (-40, 26),
(-27, 13), (-35, 27), (-25, 25),
(-35, 19), (-41, 27), (-38, 29),
(-25, 13), (-36, 21), (-40, 25),
(-27, 13), (-38, 29), (-28, 26),
(-31, 17), (-41, 26), (-39, 29),
(-21, 9), (-32, 16), (-37, 21),
(-28, 13), (-39, 27), (-29, 24),
(-30, 15), (-37, 22), (-38, 26),
(-20, 8), (-29, 15), (-35, 19),
(-29, 14), (-40, 26), (-30, 24),
(-28, 14), (-36, 21), (-39, 25),
(-16, 6), (-24, 12), (-31, 18),
(-30, 13), (-40, 24), (-36, 26),
(-24, 10), (-34, 18), (-36, 21),
(-13, 3), (-18, 8), (-24, 11),
(-30, 14), (-37, 21), (-34, 23),
(-21, 8), (-26, 13), (-29, 16),
(-10, 3), (-13, 4), (-16, 7),
(-28, 14), (-34, 18), (-37, 24),
(-16, 5), (-21, 10), (-22, 12),
(-11, 4), (-11, 4), (-14, 6),
(-22, 10), (-29, 15), (-36, 22),
(-14, 6), (-17, 7), (-16, 7),
(-11, 4), (-12, 6), (-15, 7),
(-22, 9), (-25, 13), (-31, 17),
(-13, 5), (-14, 5), (-13, 5),
(-11, 3), (-11, 2), (-16, 6),
(-18, 8), (-20, 10), (-28, 15),
(-13, 6), (-12, 4), (-12, 4),
(-9, 3), (-11, 2), (-14, 4),
(-16, 9), (-17, 8), (-15, 7),
(-13, 5), (-10, 4), (-15, 6),
(-7, 2), (-9, 1), (-14, 5),
(-13, 7), (-15, 7), (-11, 4),
(-11, 4), (-10, 4), (-15, 6),
(-6, 2), (-9, 1), (-13, 4),
(-11, 4), (-12, 4), (-12, 2),
(-10, 2), (-11, 3), (-16, 5),
(-7, 0), (-9, 0), (-11, 1),
(-10, 2), (-11, 4), (-20, 10),
(-9, 2), (-14, 5), (-15, 5),
(-8, 0), (-8, 0), (-11, -1),
(-10, 2), (-16, 6), (-18, 7),
(-9, 2), (-13, 4), (-16, 4),
(-7, -1), (-8, -1), (-14, -2),
(-10, 2), (-15, 4), (-18, 7),
(-8, 0), (-13, 3), (-16, 2),
(-6, -1), (-7, -2), (-13, -3),
(-12, 3), (-15, 4), (-18, 5),
(-10, 1), (-12, 1), (-15, 0),
(-6, -1), (-10, -3), (-10, -5),
(-14, 4), (-16, 5), (-16, 4),
(-10, 1), (-16, 3), (-11, -2),
(-8, -1), (-12, -4), (-8, -5),
(-12, 2), (-19, 7), (-12, 0),
(-9, 1), (-16, 1), (-9, -4),
(-6, -3), (-11, -5), (-6, -5),
(-15, 5), (-15, 4), (-11, -2),
(-12, 2), (-17, 3), (-11, -2),
(-10, -2), (-14, -3), (-8, -3),
(-16, 3), (-14, 2), (-13, -1),
(-13, 2), (-14, -1), (-10, -4),
(-11, -4), (-10, -5), (-7, -4),
(-17, 6), (-13, 4), (-14, 2),
(-15, 3), (-11, -1), (-12, -2),
(-15, 0), (-9, -2), (-9, 0),
(-18, 7), (-15, 6), (-16, 4),
(-14, 3), (-11, 0), (-13, 0),
(-14, 1), (-8, -3), (-10, -2),
(-17, 7), (-15, 5), (-16, 7),
(-16, 4), (-12, -1), (-14, 1),
(-10, -1), (-9, -3), (-12, 0),
(-21, 11), (-18, 8), (-16, 9),
(-17, 6), (-14, 2), (-16, 4),
(-11, 1), (-11, -2), (-15, 2),
(-27, 14), (-23, 12), (-16, 9),
(-15, 6), (-16, 6), (-15, 5),
(-12, 2), (-11, -1), (-15, 3),
(-30, 16), (-21, 11), (-16, 8),
(-13, 3), (-15, 3), (-13, 3),
(-10, 0), (-12, -1), (-15, 2),
(-30, 15), (-20, 10), (-18, 9),
(-14, 3), (-16, 5), (-12, 2),
(-12, -1), (-11, -1), (-16, 1),
(-31, 16), (-21, 13), (-22, 13),
(-16, 5), (-15, 6), (-11, 2),
(-13, 0), (-14, 1), (-17, 2),
(-32, 18), (-20, 14), (-26, 17),
(-18, 6), (-15, 6), (-11, 2),
(-15, 2), (-15, 3), (-15, 4),
(-30, 18), (-21, 15), (-30, 21),
(-19, 9), (-13, 6), (-13, 6),
(-16, 4), (-18, 7), (-16, 6),
(-25, 17), (-24, 19), (-30, 24),
(-19, 10), (-17, 10), (-18, 9),
(-16, 5), (-17, 6), (-14, 5),
(-22, 16), (-25, 20), (-31, 24),
(-17, 8), (-15, 7), (-19, 11),
(-15, 4), (-15, 5), (-13, 5),
(-20, 16), (-27, 20), (-32, 22),
(-17, 9), (-18, 10), (-22, 13),
(-15, 4), (-11, 4), (-13, 4),
(-20, 15), (-25, 19), (-31, 23),
(-20, 9), (-22, 11), (-25, 15),
(-14, 4), (-11, 3), (-11, 3),
(-11, 7), (-19, 14), (-30, 20),
(-22, 12), (-28, 15), (-25, 15),
(-14, 5), (-12, 5), (-14, 6),
(-10, 5), (-20, 14), (-29, 19),
(-24, 13), (-28, 15), (-25, 15),
(-13, 5), (-12, 3), (-15, 5),
(-10, 4), (-19, 13), (-28, 19),
(-26, 13), (-30, 17), (-24, 14),
(-13, 5), (-12, 3), (-16, 6),
(-4, -1), (-13, 8), (-29, 21),
(-27, 15), (-31, 19), (-25, 16),
(-14, 8), (-13, 4), (-20, 9),
(6, -10), (-7, 4), (-26, 21),
(-28, 16), (-31, 20), (-25, 18),
(-16, 8), (-16, 7), (-22, 10),
(12, -16), (0, -3), (-26, 23),
(-26, 15), (-29, 19), (-29, 21),
(-18, 8), (-19, 9), (-20, 10),
(13, -17), (3, -5), (-23, 21),
(-25, 14), (-30, 20), (-29, 21),
(-20, 10), (-19, 8), (-22, 11),
(12, -15), (3, -6), (-23, 20),
(-25, 14), (-32, 20), (-28, 19),
(-20, 11), (-18, 8), (-22, 12),
(9, -11), (7, -9), (-22, 19),
(-28, 17), (-31, 20), (-28, 20),
(-21, 12), (-16, 7), (-23, 13),
(2, -2), (10, -13), (-16, 13),
(-25, 14), (-31, 21), (-27, 19),
(-19, 10), (-16, 6), (-20, 9),
(3, -3), (10, -13), (-10, 8),
(-22, 13), (-29, 20), (-28, 21),
(-19, 10), (-17, 7), (-22, 11),
(10, -12), (10, -13), (-7, 8),
(-19, 10), (-28, 19), (-23, 17),
(-15, 7), (-19, 8), (-21, 11),
(15, -19), (13, -15), (-4, 4),
(-17, 9), (-27, 16), (-23, 16),
(-18, 8), (-20, 8), (-21, 10),
(16, -20), (14, -18), (-2, 2),
(-15, 8), (-24, 15), (-21, 15),
(-19, 9), (-23, 12), (-21, 11),
(15, -18), (15, -18), (-3, 4),
(-16, 11), (-22, 15), (-20, 16),
(-19, 9), (-23, 12), (-23, 12),
(13, -16), (15, -19), (-4, 3),
(-19, 13), (-22, 16), (-20, 18),
(-19, 10), (-22, 13), (-26, 16),
(11, -14), (16, -20), (2, -2),
(-22, 16), (-17, 12), (-16, 12),
(-21, 12), (-25, 15), (-28, 18),
(7, -9), (15, -18), (7, -7),
(-26, 16), (-18, 12), (-13, 10),
(-21, 11), (-27, 16), (-26, 17),
(3, -5), (11, -12), (7, -8),
(-26, 17), (-19, 12), (-13, 11),
(-21, 11), (-26, 15), (-27, 18),
(2, -4), (8, -8), (6, -6),
(-22, 16), (-16, 10), (-9, 7),
(-24, 13), (-26, 15), (-28, 18),
(-4, 1), (4, -4), (-1, 2),
(-16, 10), (-12, 7), (-2, 0),
(-30, 19), (-29, 18), (-29, 22),
(-3, 0), (-1, 0), (-4, 5),
(-24, 17), (-15, 11), (0, -1),
(-34, 19), (-29, 18), (-27, 19),
(2, -3), (-1, -1), (-5, 8),
(-27, 20), (-20, 16), (-1, 3),
(-37, 22), (-27, 18), (-21, 15),
(9, -9), (4, -4), (-2, 4),
(-27, 21), (-24, 20), (-5, 5),
(-38, 24), (-27, 21), (-19, 13),
(10, -11), (10, -11), (-1, 2),
(-16, 12), (-16, 15), (-7, 7),
(-39, 24), (-28, 22), (-20, 16),
(8, -9), (11, -12), (1, 0),
(-5, 2), (-3, 2), (-6, 7),
(-34, 24), (-27, 23), (-19, 17),
(7, -8), (11, -12), (3, -3),
(6, -9), (5, -6), (-1, 2),
(-29, 23), (-27, 21), (-19, 18),
(3, -4), (10, -12), (3, -3),
(8, -11), (11, -14), (3, -3),
(-27, 20), (-25, 18), (-19, 17),
(-2, -1), (10, -12), (4, -2),
(-1, -2), (8, -11), (3, -5),
(-30, 21), (-25, 18), (-18, 14),
(1, -5), (10, -13), (6, -5),
(-21, 16), (2, -5), (2, -3),
(-36, 23), (-29, 21), (-21, 16),
(-10, 6), (12, -15), (11, -12),
(-33, 23), (-24, 20), (-9, 8),
(-29, 16), (-29, 18), (-31, 21),
(-28, 21), (-19, 16), (-1, 1),
(-35, 20), (-31, 19), (-26, 19),
(-15, 7), (-15, 8), (-24, 14),
(-39, 26), (-33, 25), (-20, 16),
(-20, 11), (-20, 10), (-25, 16),
(-17, 8), (-15, 7), (-15, 7),
(-36, 21), (-33, 22), (-31, 23),
(-16, 7), (-16, 7), (-21, 12),
(-18, 6), (-14, 5), (-14, 5),
(-27, 15), (-25, 15), (-28, 18),
(-17, 7), (-15, 6), (-19, 10),
(-18, 6), (-15, 3), (-13, 3),
(-19, 10), (-19, 11), (-24, 13),
(-18, 8), (-14, 7), (-17, 9),
(-17, 4), (-16, 3), (-14, 4),
(-15, 6), (-15, 7), (-20, 10),
(-15, 5), (-15, 5), (-14, 6),
(-14, 2), (-16, 2), (-11, 2),
(-14, 6), (-13, 5), (-16, 7),
(-14, 4), (-16, 4), (-12, 4),
(-9, 1), (-16, 1), (-11, 2),
(-13, 3), (-12, 2), (-14, 4),
(-15, 5), (-16, 2), (-10, 2),
(-5, 0), (-15, -1), (-11, -1),
(-13, 4), (-15, 6), (-14, 6),
(-13, 4), (-18, 4), (-10, 3),
(-5, 1), (-15, 1), (-13, 1),
(-13, 3), (-14, 5), (-13, 4),
(-11, 3), (-17, 4), (-11, 3),
(-4, 1), (-14, 0), (-13, -1),
(-11, 3), (-11, 3), (-12, 4),
(-10, 3), (-16, 3), (-10, 1),
(-3, 0), (-12, 0), (-11, -2),
(-11, 3), (-13, 5), (-15, 6),
(-9, 2), (-16, 3), (-10, 1),
(-3, 0), (-12, 0), (-12, -1),
(-9, 3), (-12, 5), (-17, 9),
(-7, 0), (-16, 5), (-11, 3),
(-4, 1), (-13, 2), (-12, 1),
(-10, 3), (-14, 7), (-23, 14),
(-9, 4), (-13, 6), (-12, 5),
(-5, 1), (-15, 3), (-11, 2),
(-11, 3), (-21, 10), (-31, 19),
(-9, 2), (-12, 5), (-16, 8),
(-7, 1), (-13, 4), (-11, 4),
(-14, 4), (-29, 15), (-35, 25),
(-8, 0), (-14, 6), (-23, 14),
(-7, 2), (-11, 3), (-13, 5),
(-14, 4), (-32, 18), (-34, 26),
(-10, 3), (-18, 10), (-27, 19),
(-9, 2), (-10, 2), (-14, 4),
(-17, 5), (-35, 21), (-30, 25),
(-10, 1), (-23, 12), (-32, 21),
(-9, 4), (-10, 4), (-17, 9),
(-19, 5), (-35, 21), (-20, 17),
(-13, 3), (-31, 17), (-32, 23),
(-11, 6), (-15, 8), (-22, 12),
(-22, 8), (-36, 22), (-11, 9),
(-18, 7), (-35, 21), (-31, 25),
(-11, 3), (-16, 8), (-15, 7),
(-24, 10), (-34, 21), (-4, 4),
(-22, 8), (-36, 22), (-32, 23),
(-12, 4), (-17, 8), (-9, 3),
(-29, 15), (-29, 20), (-4, 2),
(-24, 11), (-36, 24), (-34, 26),
(-16, 7), (-14, 7), (-14, 8),
(-31, 18), (-19, 15), (-3, 2),
(-27, 14), (-37, 26), (-38, 28),
(-17, 10), (-12, 6), (-21, 12),
(-32, 20), (-13, 13), (-8, 9),
(-27, 15), (-36, 25), (-41, 30),
(-16, 9), (-19, 13), (-27, 17),
(-31, 18), (-17, 14), (-13, 12),
(-25, 13), (-35, 24), (-41, 28),
(-16, 10), (-21, 11), (-24, 15),
(-25, 13), (-21, 18), (-23, 18),
(-22, 10), (-31, 20), (-38, 25),
(-15, 9), (-21, 11), (-22, 13),
(-21, 11), (-32, 22), (-27, 22),
(-16, 7), (-26, 16), (-33, 22),
(-13, 8), (-19, 8), (-19, 9),
(-21, 9), (-32, 20), (-39, 26),
(-16, 9), (-28, 15), (-23, 13),
(-10, 3), (-14, 5), (-14, 6),
(-17, 8), (-31, 18), (-33, 19),
(-14, 7), (-19, 9), (-13, 7),
(-11, 2), (-15, 5), (-13, 4),
(-19, 10), (-25, 16), (-18, 9),
(-14, 6), (-12, 5), (-13, 5),
(-11, 3), (-13, 4), (-12, 2),
(-23, 11), (-17, 7), (-16, 6),
(-10, 2), (-11, 3), (-14, 4),
(-11, 1), (-14, 3), (-9, -1),
(-16, 8), (-17, 8), (-16, 8),
(-10, 2), (-12, 5), (-13, 5),
(-11, 2), (-12, 0), (-12, 0),
(-16, 7), (-19, 9), (-17, 8),
(-10, 2), (-12, 4), (-15, 6),
(-11, 1), (-11, -1), (-12, -1),
(-19, 7), (-20, 8), (-19, 7),
(-9, 1), (-15, 4), (-17, 6),
(-11, -1), (-10, -2), (-13, 0),
(-21, 9), (-21, 7), (-21, 10),
(-10, 0), (-16, 5), (-17, 6),
(-10, -3), (-13, -1), (-12, -1),
(-23, 11), (-22, 12), (-23, 15),
(-14, 4), (-18, 7), (-22, 10),
(-13, 1), (-14, 1), (-14, 3),
(-21, 11), (-20, 11), (-24, 14),
(-16, 7), (-17, 8), (-24, 13),
(-13, 3), (-15, 3), (-15, 4),
(-23, 11), (-19, 10), (-24, 16),
(-16, 7), (-18, 9), (-26, 16),
(-12, 2), (-14, 2), (-16, 6),
(-23, 12), (-20, 11), (-23, 16),
(-16, 7), (-19, 9), (-26, 14),
(-12, 1), (-15, 4), (-15, 4),
(-21, 12), (-21, 12), (-20, 16),
(-14, 5), (-22, 12), (-27, 16),
(-15, 4), (-16, 4), (-17, 6),
(-22, 12), (-21, 12), (-21, 17),
(-13, 4), (-22, 11), (-27, 15),
(-15, 4), (-17, 4), (-19, 7),
(-23, 13), (-23, 15), (-19, 15),
(-13, 5), (-22, 13), (-29, 18),
(-18, 8), (-19, 7), (-22, 9),
(-22, 12), (-21, 13), (-18, 14),
(-14, 5), (-22, 12), (-27, 16),
(-17, 5), (-21, 8), (-21, 7),
(-25, 14), (-22, 13), (-22, 18),
(-14, 6), (-22, 12), (-23, 13),
(-15, 4), (-22, 10), (-21, 8),
(-27, 16), (-22, 14), (-23, 18),
(-15, 6), (-19, 10), (-23, 14),
(-14, 6), (-22, 10), (-23, 10),
(-27, 15), (-22, 14), (-19, 15),
(-17, 9), (-19, 10), (-21, 15),
(-13, 5), (-20, 9), (-22, 10),
(-26, 16), (-22, 15), (-17, 15),
(-16, 8), (-19, 11), (-23, 16),
(-15, 8), (-19, 11), (-26, 14),
(-24, 13), (-21, 12), (-15, 13),
(-16, 10), (-21, 13), (-28, 21),
(-15, 6), (-17, 8), (-27, 13),
(-21, 12), (-22, 14), (-19, 14),
(-15, 7), (-22, 11), (-29, 16),
(-16, 6), (-18, 8), (-23, 11),
(-24, 14), (-20, 13), (-17, 11),
(-16, 8), (-19, 10), (-32, 19),
(-17, 7), (-17, 7), (-22, 11),
(-25, 15), (-20, 13), (-19, 12),
(-16, 8), (-18, 10), (-31, 19),
(-16, 7), (-17, 6), (-21, 11),
(-22, 13), (-20, 13), (-22, 14),
(-16, 8), (-16, 8), (-29, 17),
(-13, 5), (-20, 8), (-18, 8),
(-20, 10), (-23, 13), (-26, 17),
(-17, 7), (-16, 7), (-26, 14),
(-14, 4), (-19, 7), (-18, 6),
(-20, 9), (-21, 11), (-24, 12),
(-18, 8), (-16, 7), (-21, 11),
(-12, 2), (-17, 5), (-17, 3),
(-22, 10), (-18, 9), (-20, 10),
(-15, 7), (-16, 8), (-18, 9),
(-11, 2), (-17, 4), (-17, 2),
(-21, 9), (-22, 11), (-20, 10),
(-13, 4), (-16, 8), (-18, 7),
(-12, 4), (-17, 6), (-18, 4),
(-20, 9), (-20, 9), (-20, 10),
(-11, 3), (-16, 8), (-17, 7),
(-9, 1), (-17, 5), (-17, 2),
(-19, 9), (-23, 12), (-23, 12),
(-12, 4), (-17, 10), (-18, 9),
(-9, 3), (-17, 7), (-18, 6),
(-21, 12), (-20, 11), (-22, 14),
(-13, 5), (-16, 12), (-18, 11),
(-8, 2), (-15, 7), (-19, 8),
(-21, 11), (-21, 12), (-20, 12),
(-12, 4), (-15, 9), (-16, 9),
(-7, 2), (-15, 7), (-18, 7),
(-22, 12), (-23, 13), (-20, 12),
(-12, 4), (-16, 9), (-18, 10),
(-8, 2), (-14, 7), (-18, 7),
(-21, 11), (-23, 12), (-19, 11),
(-10, 3), (-15, 7), (-18, 10),
(-6, 1), (-14, 6), (-16, 6),
(-21, 12), (-24, 13), (-20, 12),
(-10, 3), (-15, 7), (-16, 9),
(-6, 3), (-15, 8), (-15, 9),
(-17, 8), (-23, 12), (-19, 9),
(-10, 3), (-14, 6), (-16, 10),
(-5, 1), (-15, 8), (-16, 8),
(-16, 9), (-23, 13), (-20, 11),
(-8, 2), (-13, 5), (-17, 10),
(-5, 1), (-15, 8), (-15, 9),
(-17, 8), (-23, 12), (-21, 11),
(-9, 3), (-14, 5), (-16, 8),
(-5, 2), (-14, 8), (-17, 9),
(-19, 9), (-23, 13), (-22, 13),
(-10, 3), (-14, 6), (-17, 9),
(-6, 2), (-16, 9), (-16, 8),
(-22, 11), (-28, 16), (-26, 16),
(-13, 4), (-13, 5), (-17, 8),
(-7, 2), (-14, 7), (-15, 9),
(-23, 10), (-27, 14), (-27, 16),
(-13, 4), (-12, 2), (-17, 8),
(-10, 2), (-14, 4), (-15, 7),
(-25, 13), (-27, 15), (-26, 16),
(-16, 6), (-14, 5), (-19, 9),
(-12, 4), (-13, 5), (-16, 9),
(-28, 15), (-30, 19), (-26, 17),
(-23, 11), (-18, 9), (-21, 11),
(-11, 3), (-13, 4), (-18, 12),
(-30, 18), (-32, 20), (-23, 17),
(-26, 14), (-21, 12), (-20, 12),
(-14, 5), (-16, 8), (-22, 14),
(-36, 22), (-33, 22), (-24, 18),
(-27, 15), (-22, 14), (-20, 14),
(-16, 7), (-18, 9), (-28, 18),
(-38, 23), (-33, 23), (-26, 19),
(-28, 15), (-22, 12), (-20, 13),
(-19, 10), (-20, 11), (-30, 19),
(-37, 23), (-28, 20), (-27, 19),
(-27, 15), (-20, 12), (-25, 18),
(-20, 10), (-20, 11), (-33, 19),
(-35, 22), (-28, 21), (-26, 19),
(-23, 13), (-21, 14), (-30, 22),
(-22, 11), (-22, 12), (-29, 17),
(-31, 19), (-25, 17), (-25, 19),
(-22, 12), (-21, 13), (-33, 23),
(-20, 9), (-28, 16), (-22, 11),
(-26, 14), (-22, 13), (-21, 20),
(-21, 11), (-24, 14), (-32, 21),
(-18, 9), (-31, 17), (-15, 9),
(-25, 14), (-24, 16), (-25, 25),
(-20, 11), (-27, 17), (-31, 20),
(-18, 8), (-26, 14), (-15, 8),
(-22, 12), (-24, 17), (-24, 26),
(-21, 10), (-29, 18), (-35, 23),
(-21, 10), (-21, 10), (-15, 7),
(-21, 14), (-24, 20), (-29, 29),
(-21, 13), (-28, 19), (-34, 23),
(-24, 13), (-19, 11), (-19, 12),
(-20, 14), (-24, 23), (-32, 30),
(-24, 13), (-31, 20), (-34, 23),
(-24, 14), (-16, 8), (-18, 10),
(-20, 12), (-23, 22), (-33, 28),
(-25, 15), (-26, 16), (-31, 23),
(-25, 16), (-14, 7), (-15, 8),
(-22, 15), (-24, 25), (-34, 29),
(-28, 17), (-28, 18), (-30, 21),
(-22, 12), (-16, 9), (-15, 8),
(-24, 16), (-23, 24), (-31, 28),
(-29, 17), (-27, 18), (-30, 20),
(-19, 9), (-16, 8), (-17, 8),
(-25, 19), (-23, 23), (-29, 26),
(-27, 15), (-25, 16), (-29, 19),
(-15, 8), (-12, 4), (-16, 8),
(-19, 20), (-22, 23), (-27, 26),
(-25, 15), (-26, 16), (-30, 22),
(-16, 8), (-12, 4), (-16, 8),
(-14, 19), (-19, 21), (-26, 26),
(-23, 13), (-26, 16), (-30, 21),
(-16, 8), (-15, 8), (-17, 10),
(-12, 18), (-15, 19), (-24, 26),
(-23, 13), (-26, 15), (-31, 21),
(-15, 6), (-17, 8), (-15, 7),
(-11, 17), (-14, 16), (-21, 22),
(-24, 13), (-21, 12), (-30, 20),
(-16, 5), (-16, 6), (-15, 6),
(-10, 20), (-13, 21), (-20, 25),
(-24, 14), (-19, 13), (-24, 18),
(-17, 7), (-20, 9), (-16, 7),
(-13, 22), (-10, 21), (-19, 26),
(-26, 16), (-17, 13), (-24, 19),
(-19, 8), (-18, 8), (-17, 9),
(-13, 24), (-9, 24), (-16, 24),
(-29, 17), (-19, 14), (-22, 19),
(-22, 10), (-20, 11), (-22, 12),
(-14, 23), (-6, 21), (-12, 24),
(-33, 20), (-24, 18), (-20, 20),
(-25, 11), (-22, 11), (-24, 14),
(-14, 17), (-9, 20), (-10, 24),
(-37, 23), (-27, 21), (-22, 21),
(-28, 15), (-24, 14), (-25, 16),
(-10, 12), (-10, 19), (-9, 23),
(-36, 22), (-29, 22), (-21, 21),
(-27, 13), (-24, 13), (-26, 15),
(-9, 13), (-7, 14), (-7, 21),
(-35, 21), (-29, 23), (-22, 21),
(-27, 13), (-22, 12), (-24, 15),
(-14, 14), (-1, 5), (-8, 18),
(-38, 24), (-30, 25), (-28, 25),
(-26, 13), (-23, 14), (-25, 16),
(-18, 12), (-3, 1), (-7, 13),
(-38, 24), (-31, 23), (-29, 23),
(-22, 11), (-18, 8), (-22, 12),
(-22, 16), (-11, 6), (-10, 15),
(-39, 23), (-33, 23), (-34, 23),
(-19, 11), (-17, 8), (-20, 10),
(-29, 21), (-21, 16), (-17, 19),
(-38, 22), (-32, 22), (-36, 23),
(-17, 8), (-18, 9), (-19, 8),
(-34, 25), (-28, 22), (-20, 19),
(-33, 19), (-28, 17), (-32, 20),
(-15, 6), (-17, 7), (-19, 7),
(-38, 23), (-33, 23), (-28, 20),
(-24, 12), (-21, 11), (-27, 15),
(-18, 7), (-17, 6), (-18, 5),
(-38, 23), (-38, 24), (-34, 22),
(-19, 10), (-18, 9), (-23, 12),
(-17, 6), (-15, 4), (-18, 4),
(-32, 19), (-33, 19), (-37, 23),
(-17, 8), (-20, 9), (-18, 6),
(-16, 3), (-17, 4), (-16, 1),
(-25, 12), (-28, 15), (-32, 19),
(-15, 6), (-21, 10), (-16, 4),
(-13, 1), (-15, 3), (-15, 0),
(-19, 10), (-21, 11), (-27, 15),
(-16, 5), (-18, 6), (-16, 3),
(-9, -1), (-15, 2), (-17, 1),
(-16, 6), (-17, 7), (-20, 8),
(-17, 3), (-17, 2), (-17, 2),
(-10, -2), (-15, -1), (-18, 0),
(-15, 6), (-18, 8), (-19, 8),
(-17, 4), (-16, 1), (-18, 4),
(-9, -1), (-14, -1), (-17, 1),
(-16, 6), (-18, 7), (-17, 7),
(-13, 1), (-15, 1), (-17, 3),
(-8, -2), (-12, -2), (-19, -1),
(-17, 5), (-17, 3), (-17, 4),
(-11, -1), (-15, 0), (-18, 3),
(-7, -2), (-9, -3), (-18, -1),
(-15, 2), (-14, 0), (-16, 3),
(-10, -3), (-13, -2), (-18, 1),
(-6, -2), (-8, -3), (-15, -2),
(-12, 0), (-14, 0), (-17, 4),
(-10, -1), (-10, -4), (-15, -1),
(-3, -1), (-7, -3), (-10, -4),
(-11, -3), (-15, 0), (-17, 2),
(-9, -3), (-10, -4), (-14, -2),
(-3, 0), (-6, -6), (-8, -6),
(-12, -1), (-16, 1), (-18, 3),
(-9, -2), (-10, -6), (-12, -2),
(-2, 0), (-5, -5), (-7, -6),
(-12, -1), (-16, 1), (-15, 2),
(-8, -3), (-10, -5), (-10, -4),
(-2, 0), (-5, -3), (-6, -6),
(-11, -3), (-16, 0), (-13, -1),
(-7, -3), (-10, -6), (-10, -4),
(-2, 0), (-5, -4), (-7, -4),
(-11, -3), (-15, -1), (-14, 0),
(-9, -4), (-9, -7), (-10, -3),
(-2, 0), (-4, -5), (-6, -5),
(-12, -2), (-15, 1), (-16, 3),
(-9, -2), (-12, -5), (-11, -1),
(-2, 0), (-6, -3), (-7, -3),
(-14, -2), (-15, 1), (-17, 4),
(-11, -4), (-12, -5), (-12, -1),
(-3, -2), (-7, -7), (-6, -4),
(-17, 1), (-17, 3), (-15, 2),
(-11, -6), (-13, -3), (-12, -2),
(-6, -3), (-10, -7), (-7, -2),
(-16, 1), (-15, 2), (-18, 4),
(-13, -4), (-15, 0), (-13, -2),
(-9, -6), (-10, -5), (-8, -3),
(-17, 3), (-16, 5), (-22, 10),
(-17, 2), (-15, 2), (-14, 1),
(-11, -5), (-12, -2), (-11, -3),
(-17, 7), (-15, 7), (-29, 16),
(-17, 4), (-15, 4), (-18, 5),
(-14, -1), (-13, 1), (-13, -1),
(-18, 9), (-16, 7), (-24, 13),
(-17, 5), (-11, 3), (-23, 10),
(-14, 1), (-12, 1), (-14, 1),
(-21, 9), (-17, 8), (-24, 15),
(-16, 5), (-12, 3), (-26, 12),
(-16, 2), (-13, 2), (-15, 1),
(-26, 13), (-18, 9), (-20, 12),
(-16, 6), (-15, 6), (-28, 15),
(-15, 3), (-13, 4), (-18, 5),
(-27, 14), (-20, 11), (-20, 12),
(-17, 6), (-16, 6), (-25, 12),
(-15, 4), (-15, 4), (-19, 7),
(-27, 15), (-20, 10), (-20, 13),
(-17, 7), (-18, 8), (-25, 15),
(-14, 3), (-18, 7), (-16, 5),
(-26, 17), (-22, 13), (-22, 16),
(-19, 8), (-19, 9), (-23, 13),
(-13, 4), (-22, 9), (-16, 6),
(-30, 19), (-25, 14), (-24, 18),
(-21, 10), (-20, 11), (-24, 13),
(-13, 4), (-22, 10), (-18, 9),
(-32, 20), (-23, 14), (-27, 20),
(-21, 10), (-21, 11), (-23, 13),
(-15, 5), (-25, 11), (-17, 7),
(-33, 20), (-23, 14), (-28, 19),
(-21, 9), (-20, 10), (-20, 13),
(-15, 4), (-23, 10), (-18, 7),
(-33, 22), (-20, 13), (-30, 22),
(-20, 8), (-19, 8), (-18, 12),
(-14, 2), (-22, 9), (-16, 5),
(-32, 22), (-18, 11), (-29, 23),
(-22, 9), (-19, 8), (-21, 13),
(-17, 7), (-22, 11), (-17, 6),
(-32, 22), (-19, 13), (-31, 25),
(-23, 10), (-19, 9), (-25, 14),
(-18, 6), (-22, 8), (-17, 6),
(-31, 21), (-17, 12), (-30, 24),
(-23, 12), (-17, 8), (-25, 14),
(-17, 4), (-23, 10), (-20, 8),
(-31, 22), (-15, 11), (-30, 25),
(-24, 12), (-18, 9), (-27, 16),
(-17, 6), (-23, 10), (-19, 9),
(-30, 22), (-16, 12), (-30, 26),
(-25, 13), (-19, 11), (-30, 20),
(-18, 8), (-24, 13), (-20, 9),
(-28, 20), (-21, 15), (-30, 25),
(-22, 10), (-18, 9), (-29, 17),
(-17, 6), (-24, 11), (-17, 7),
(-27, 21), (-25, 19), (-31, 25),
(-21, 10), (-18, 10), (-32, 20),
(-17, 6), (-23, 12), (-16, 6),
(-25, 18), (-26, 20), (-33, 28),
(-20, 10), (-19, 11), (-32, 19),
(-19, 7), (-24, 12), (-17, 8),
(-27, 19), (-26, 21), (-34, 28),
(-21, 11), (-20, 12), (-32, 21),
(-20, 8), (-22, 12), (-15, 6),
(-25, 18), (-29, 22), (-36, 28),
(-21, 12), (-23, 15), (-33, 22),
(-22, 10), (-18, 8), (-17, 8),
(-26, 17), (-29, 24), (-38, 29),
(-19, 11), (-22, 13), (-34, 22),
(-23, 10), (-15, 8), (-17, 9),
(-26, 16), (-31, 22), (-40, 28),
(-20, 10), (-25, 14), (-33, 20),
(-22, 8), (-18, 7), (-16, 6),
(-25, 18), (-33, 23), (-41, 28),
(-20, 11), (-25, 14), (-32, 20),
(-18, 7), (-17, 8), (-18, 9),
(-25, 18), (-35, 24), (-42, 29),
(-22, 13), (-26, 15), (-35, 22),
(-17, 8), (-17, 7), (-19, 9),
(-27, 19), (-38, 25), (-41, 28),
(-21, 13), (-28, 17), (-38, 24),
(-22, 9), (-16, 6), (-18, 7),
(-29, 20), (-37, 24), (-39, 27),
(-21, 13), (-30, 17), (-40, 25),
(-21, 9), (-14, 4), (-21, 9),
(-28, 22), (-40, 27), (-38, 28),
(-26, 15), (-36, 23), (-41, 27),
(-20, 7), (-17, 7), (-25, 12),
(-24, 20), (-39, 28), (-38, 28),
(-28, 16), (-40, 25), (-39, 25),
(-23, 11), (-20, 11), (-27, 13),
(-21, 19), (-38, 29), (-35, 28),
(-30, 19), (-41, 27), (-39, 29),
(-24, 11), (-21, 11), (-32, 18),
(-11, 11), (-36, 27), (-36, 29),
(-28, 18), (-39, 26), (-37, 28),
(-24, 12), (-26, 15), (-36, 21),
(-11, 12), (-37, 28), (-36, 30),
(-29, 19), (-40, 27), (-36, 27),
(-24, 11), (-27, 15), (-36, 22),
(-11, 12), (-34, 28), (-32, 29),
(-28, 18), (-38, 26), (-37, 27),
(-24, 12), (-30, 17), (-36, 22),
(-15, 16), (-33, 28), (-32, 30),
(-30, 21), (-37, 27), (-37, 29),
(-25, 13), (-29, 18), (-36, 22),
(-21, 21), (-33, 29), (-32, 30),
(-31, 22), (-37, 28), (-36, 29),
(-24, 14), (-28, 18), (-36, 23),
(-24, 22), (-33, 29), (-31, 30),
(-33, 23), (-37, 29), (-37, 28),
(-24, 13), (-28, 17), (-35, 22),
(-25, 22), (-34, 29), (-30, 29),
(-33, 25), (-36, 28), (-36, 28),
(-24, 14), (-31, 19), (-37, 23),
(-26, 21), (-32, 24), (-32, 29),
(-32, 24), (-36, 27), (-34, 26),
(-26, 14), (-32, 19), (-33, 21),
(-32, 25), (-30, 27), (-32, 28),
(-36, 27), (-37, 27), (-34, 28),
(-28, 16), (-35, 21), (-34, 22),
(-31, 24), (-30, 24), (-31, 27),
(-36, 26), (-35, 26), (-33, 27),
(-29, 16), (-38, 24), (-34, 23),
(-27, 23), (-29, 24), (-30, 26),
(-35, 27), (-34, 27), (-32, 27),
(-30, 18), (-37, 23), (-36, 25),
(-26, 22), (-27, 22), (-27, 23),
(-31, 24), (-30, 23), (-29, 24),
(-30, 17), (-38, 23), (-36, 25),
(-26, 22), (-24, 22), (-26, 22),
(-29, 24), (-31, 25), (-31, 27),
(-29, 19), (-38, 24), (-35, 25),
(-21, 20), (-19, 19), (-24, 22),
(-27, 24), (-27, 24), (-29, 27),
(-28, 17), (-37, 23), (-33, 23),
(-17, 18), (-20, 21), (-23, 23),
(-22, 23), (-28, 25), (-29, 29),
(-26, 19), (-36, 25), (-33, 25),
(-15, 15), (-15, 16), (-20, 21),
(-20, 22), (-26, 26), (-24, 26),
(-23, 13), (-36, 24), (-33, 24),
(-9, 9), (-9, 12), (-18, 20),
(-19, 23), (-21, 25), (-24, 26),
(-20, 13), (-33, 23), (-31, 23),
(-6, 5), (-6, 7), (-16, 15),
(-15, 21), (-20, 24), (-25, 24),
(-20, 13), (-32, 22), (-32, 25),
(-5, 3), (-2, 1), (-14, 13),
(-15, 24), (-18, 23), (-24, 24),
(-22, 13), (-30, 20), (-29, 23),
(-5, 6), (-4, 4), (-13, 12),
(-14, 24), (-19, 24), (-26, 26),
(-22, 13), (-31, 19), (-31, 23),
(-5, 12), (-7, 8), (-19, 17),
(-13, 23), (-19, 22), (-29, 28),
(-24, 12), (-30, 17), (-27, 18),
(-2, 14), (-8, 16), (-20, 22),
(-15, 20), (-23, 23), (-30, 25),
(-24, 12), (-31, 18), (-25, 14),
(2, 15), (-7, 18), (-19, 22),
(-23, 20), (-29, 20), (-31, 21),
(-23, 11), (-28, 16), (-19, 10),
(-4, 19), (-13, 20), (-24, 24),
(-33, 20), (-32, 20), (-28, 17),
(-19, 7), (-22, 10), (-14, 4),
(-20, 22), (-22, 21), (-24, 18),
(-33, 17), (-31, 17), (-23, 11),
(-15, 5), (-17, 6), (-11, 2),
(-32, 25), (-31, 22), (-27, 19),
(-30, 15), (-29, 16), (-22, 11),
(-13, 4), (-17, 6), (-12, 3),
(-33, 24), (-35, 24), (-28, 19),
(-26, 13), (-25, 13), (-18, 7),
(-13, 4), (-17, 5), (-15, 6),
(-35, 21), (-37, 23), (-30, 18),
(-22, 10), (-22, 11), (-15, 6),
(-13, 1), (-21, 6), (-16, 6),
(-37, 20), (-34, 18), (-28, 14),
(-16, 3), (-20, 8), (-12, 3),
(-11, -2), (-22, 5), (-16, 2),
(-36, 19), (-34, 18), (-25, 12),
(-13, 3), (-20, 8), (-13, 5),
(-11, 0), (-23, 7), (-17, 5),
(-32, 17), (-32, 17), (-26, 14),
(-12, 2), (-21, 8), (-13, 4),
(-11, -1), (-23, 6), (-17, 3),
(-31, 17), (-32, 18), (-25, 13),
(-13, 2), (-19, 8), (-13, 5),
(-11, -1), (-21, 6), (-17, 4),
(-33, 17), (-33, 17), (-26, 12),
(-14, 4), (-20, 9), (-16, 6),
(-12, -2), (-21, 5), (-15, 1),
(-36, 20), (-37, 21), (-32, 19),
(-15, 7), (-20, 9), (-21, 10),
(-11, 0), (-18, 4), (-15, 3),
(-36, 20), (-39, 22), (-37, 23),
(-16, 6), (-22, 10), (-25, 12),
(-11, 1), (-18, 6), (-17, 6),
(-37, 22), (-39, 24), (-39, 26),
(-19, 10), (-25, 12), (-26, 12),
(-13, 4), (-16, 4), (-20, 9),
(-38, 21), (-39, 23), (-39, 25),
(-20, 10), (-27, 14), (-27, 14),
(-13, 3), (-16, 1), (-20, 8),
(-37, 23), (-40, 25), (-38, 25),
(-20, 10), (-29, 14), (-25, 12),
(-13, 3), (-14, 1), (-21, 9),
(-36, 22), (-35, 24), (-36, 24),
(-20, 10), (-30, 15), (-29, 14),
(-15, 4), (-15, 2), (-20, 8),
(-35, 22), (-32, 22), (-34, 24),
(-21, 10), (-31, 16), (-27, 14),
(-15, 5), (-17, 4), (-21, 8),
(-36, 22), (-34, 22), (-33, 23),
(-19, 9), (-28, 14), (-25, 12),
(-14, 4), (-15, 1), (-20, 8),
(-36, 20), (-35, 23), (-32, 22),
(-18, 7), (-28, 14), (-25, 13),
(-14, 3), (-16, 2), (-19, 8),
(-36, 21), (-35, 23), (-31, 22),
(-20, 9), (-30, 14), (-24, 11),
(-13, 3), (-14, 1), (-19, 8),
(-36, 22), (-37, 23), (-32, 22),
(-18, 7), (-29, 13), (-23, 10),
(-12, 2), (-15, 2), (-17, 7),
(-38, 22), (-40, 24), (-37, 25),
(-17, 8), (-25, 12), (-20, 10),
(-13, 3), (-14, 0), (-17, 7),
(-33, 19), (-39, 22), (-37, 22),
(-14, 4), (-20, 8), (-15, 5),
(-12, 2), (-14, 0), (-18, 9),
(-25, 12), (-33, 17), (-28, 14),
(-12, 2), (-18, 5), (-14, 5),
(-11, -2), (-12, -3), (-16, 4),
(-18, 6), (-24, 9), (-18, 7),
(-13, 2), (-16, 3), (-15, 5),
(-10, -4), (-12, -4), (-16, 2),
(-14, 3), (-20, 7), (-13, 4),
(-13, 3), (-16, 4), (-16, 7),
(-10, -3), (-11, -4), (-15, 2),
(-14, 3), (-18, 5), (-11, 2),
(-12, -1), (-15, 0), (-15, 4),
(-9, -5), (-10, -6), (-13, -2),
(-13, 2), (-17, 6), (-12, 3),
(-12, -2), (-14, 0), (-15, 3),
(-9, -4), (-12, -5), (-14, 0),
(-13, 0), (-16, 4), (-13, 4),
(-11, -3), (-12, -2), (-14, 3),
(-8, -5), (-11, -6), (-13, -3),
(-15, 3), (-17, 7), (-16, 7),
(-11, -3), (-13, 0), (-15, 4),
(-8, -4), (-12, -7), (-14, -1),
(-13, 0), (-14, 3), (-14, 4),
(-10, -4), (-12, -1), (-13, 1),
(-8, -6), (-12, -9), (-12, -3),
(-15, 1), (-15, 3), (-16, 6),
(-10, -5), (-13, -1), (-13, 1),
(-9, -6), (-14, -9), (-13, -3),
(-14, 0), (-13, 1), (-14, 4),
(-10, -6), (-13, -3), (-12, -1),
(-8, -7), (-12, -11), (-10, -4),
(-16, 0), (-14, 2), (-14, 3),
(-12, -5), (-12, -3), (-14, 0),
(-8, -9), (-13, -9), (-10, -4),
(-17, 1), (-13, 3), (-14, 4),
(-13, -5), (-11, -2), (-13, -1),
(-8, -10), (-12, -10), (-11, -5),
(-18, 4), (-11, 2), (-12, 2),
(-14, -4), (-10, -1), (-13, 0),
(-9, -9), (-11, -6), (-13, -2),
(-16, 4), (-11, 2), (-12, 3),
(-16, 1), (-10, 1), (-12, 1),
(-12, -6), (-8, -2), (-13, -2),
(-17, 7), (-14, 5), (-16, 7),
(-17, 6), (-11, 3), (-13, 4),
(-15, -1), (-8, 0), (-12, 0),
(-22, 10), (-21, 11), (-24, 13),
(-15, 5), (-12, 4), (-16, 7),
(-15, 3), (-11, 3), (-13, 3),
(-33, 18), (-32, 18), (-32, 21),
(-20, 10), (-18, 10), (-21, 12),
(-13, 4), (-9, 1), (-15, 4),
(-32, 20), (-36, 24), (-32, 22),
(-22, 11), (-19, 9), (-20, 12),
(-15, 5), (-12, 4), (-17, 7),
(-29, 22), (-32, 24), (-32, 24),
(-25, 12), (-27, 14), (-26, 17),
(-21, 11), (-16, 7), (-22, 12),
(-26, 23), (-30, 24), (-30, 24),
(-29, 15), (-32, 19), (-29, 19),
(-21, 10), (-18, 7), (-22, 11),
(-27, 23), (-30, 25), (-32, 26),
(-30, 18), (-33, 21), (-30, 21),
(-20, 9), (-19, 8), (-21, 11),
(-25, 22), (-31, 24), (-29, 24),
(-29, 15), (-31, 21), (-30, 21),
(-22, 11), (-18, 8), (-21, 11),
(-26, 22), (-30, 23), (-29, 24),
(-29, 16), (-29, 17), (-32, 22),
(-22, 10), (-19, 8), (-20, 10),
(-27, 23), (-25, 19), (-30, 24),
(-32, 18), (-30, 19), (-34, 24),
(-19, 7), (-18, 8), (-19, 9),
(-28, 23), (-23, 17), (-30, 26),
(-34, 20), (-31, 19), (-35, 25),
(-17, 7), (-19, 8), (-19, 9),
(-29, 20), (-22, 15), (-28, 24),
(-33, 19), (-30, 19), (-35, 24),
(-17, 5), (-19, 7), (-17, 7),
(-29, 22), (-24, 17), (-27, 24),
(-35, 21), (-31, 19), (-35, 24),
(-18, 8), (-19, 9), (-20, 10),
(-32, 24), (-29, 23), (-29, 24),
(-35, 20), (-33, 20), (-36, 25),
(-17, 8), (-19, 9), (-19, 9),
(-33, 23), (-33, 24), (-32, 24),
(-28, 13), (-27, 15), (-35, 22),
(-15, 4), (-18, 7), (-19, 7),
(-34, 23), (-32, 23), (-32, 24),
(-26, 14), (-25, 12), (-34, 21),
(-14, 5), (-19, 10), (-16, 7),
(-36, 22), (-34, 23), (-36, 26),
(-22, 10), (-24, 13), (-35, 21),
(-14, 4), (-20, 8), (-15, 5),
(-36, 21), (-36, 23), (-38, 25),
(-18, 7), (-20, 8), (-28, 16),
(-14, 5), (-19, 8), (-15, 6),
(-32, 17), (-29, 17), (-39, 24),
(-15, 6), (-18, 7), (-17, 7),
(-13, 4), (-15, 3), (-15, 4),
(-19, 9), (-17, 7), (-27, 14),
(-15, 6), (-17, 6), (-14, 4),
(-11, 0), (-12, 0), (-13, -1),
(-16, 5), (-20, 7), (-15, 4),
(-12, 2), (-12, 0), (-14, 1),
(-10, -2), (-11, -2), (-11, -3),
(-14, 4), (-18, 7), (-15, 4),
(-12, 1), (-10, -2), (-13, 0),
(-10, -2), (-12, -3), (-9, -3),
(-13, 3), (-16, 4), (-15, 4),
(-12, 3), (-11, 1), (-13, 2),
(-11, 0), (-12, -1), (-10, -2),
(-15, 7), (-17, 7), (-14, 5),
(-12, 3), (-13, 2), (-15, 3),
(-10, 0), (-12, -1), (-9, -2),
(-18, 11), (-18, 8), (-19, 10),
(-12, 1), (-16, 5), (-16, 5),
(-10, 0), (-11, 0), (-12, -1),
(-19, 10), (-22, 12), (-31, 18),
(-15, 6), (-15, 6), (-16, 6),
(-10, -1), (-11, 0), (-11, -1),
(-20, 9), (-32, 20), (-36, 23),
(-19, 10), (-15, 7), (-17, 9),
(-12, 1), (-15, 4), (-12, 1),
(-24, 13), (-39, 25), (-39, 25),
(-16, 7), (-22, 11), (-20, 11),
(-17, 5), (-15, 6), (-13, 3),
(-26, 16), (-41, 26), (-37, 24),
(-12, 3), (-23, 12), (-20, 9),
(-17, 3), (-13, 3), (-12, 1),
(-28, 16), (-40, 26), (-37, 24),
(-15, 6), (-28, 15), (-21, 11),
(-14, 4), (-15, 4), (-13, 3),
(-29, 16), (-39, 25), (-38, 24),
(-16, 5), (-28, 14), (-20, 9),
(-16, 5), (-14, 3), (-12, 2),
(-31, 20), (-39, 26), (-39, 26),
(-22, 11), (-32, 19), (-21, 12),
(-15, 6), (-13, 4), (-13, 4),
(-33, 22), (-39, 28), (-39, 28),
(-26, 14), (-32, 19), (-24, 14),
(-16, 7), (-16, 7), (-13, 5),
(-33, 20), (-37, 26), (-36, 27),
(-27, 15), (-33, 20), (-28, 16),
(-17, 8), (-16, 6), (-13, 3),
(-32, 22), (-36, 27), (-34, 27),
(-28, 16), (-33, 21), (-33, 22),
(-16, 8), (-19, 11), (-13, 5),
(-29, 20), (-35, 28), (-34, 27),
(-29, 16), (-34, 22), (-35, 23),
(-17, 8), (-21, 12), (-17, 8),
(-19, 14), (-35, 28), (-34, 27),
(-32, 19), (-33, 23), (-34, 26),
(-17, 7), (-20, 11), (-18, 9),
(-11, 7), (-34, 28), (-35, 28),
(-32, 19), (-34, 24), (-31, 26),
(-20, 9), (-23, 13), (-24, 15),
(-11, 10), (-32, 28), (-33, 28),
(-33, 21), (-34, 25), (-29, 26),
(-23, 12), (-23, 13), (-26, 17),
(-7, 5), (-27, 24), (-30, 26),
(-31, 19), (-34, 25), (-27, 25),
(-26, 13), (-24, 13), (-28, 20),
(-7, 6), (-25, 24), (-28, 28),
(-31, 21), (-32, 25), (-27, 25),
(-30, 16), (-27, 15), (-31, 23),
(-8, 7), (-25, 21), (-27, 27),
(-30, 19), (-29, 23), (-28, 26),
(-31, 18), (-27, 17), (-33, 25),
(-6, 4), (-23, 20), (-26, 24),
(-31, 19), (-29, 24), (-30, 26),
(-28, 15), (-27, 17), (-30, 21),
(-3, 1), (-18, 17), (-26, 24),
(-31, 20), (-28, 25), (-30, 24),
(-29, 15), (-27, 16), (-28, 20),
(-8, 7), (-20, 18), (-25, 24),
(-31, 20), (-28, 24), (-32, 25),
(-23, 12), (-25, 14), (-25, 17),
(-20, 15), (-23, 20), (-23, 22),
(-24, 15), (-25, 21), (-29, 23),
(-23, 11), (-23, 12), (-21, 12),
(-25, 21), (-23, 21), (-20, 19),
(-21, 14), (-24, 22), (-25, 23),
(-22, 10), (-23, 12), (-24, 15),
(-24, 22), (-22, 19), (-21, 20),
(-19, 18), (-21, 22), (-25, 25),
(-25, 13), (-21, 13), (-26, 19),
(-21, 19), (-19, 17), (-19, 20),
(-19, 18), (-21, 23), (-25, 25),
(-27, 14), (-19, 10), (-27, 18),
(-17, 17), (-15, 14), (-17, 18),
(-19, 20), (-19, 23), (-23, 23),
(-29, 16), (-18, 12), (-28, 20),
(-12, 11), (-12, 10), (-19, 20),
(-16, 20), (-18, 24), (-24, 25),
(-29, 17), (-20, 14), (-28, 22),
(-8, 8), (-6, 4), (-17, 18),
(-14, 16), (-13, 21), (-20, 22),
(-31, 17), (-20, 13), (-27, 20),
(-5, 3), (-2, 1), (-18, 18),
(-16, 18), (-12, 20), (-20, 23),
(-33, 19), (-24, 17), (-26, 21),
(2, -3), (2, -2), (-18, 18),
(-21, 21), (-14, 23), (-22, 25),
(-34, 19), (-24, 16), (-23, 18),
(5, -5), (5, -2), (-19, 20),
(-28, 22), (-21, 22), (-28, 26),
(-26, 14), (-18, 11), (-19, 12),
(-9, 12), (-6, 12), (-23, 22),
(-34, 19), (-24, 15), (-27, 19),
(-16, 5), (-15, 6), (-12, 5),
(-26, 22), (-22, 22), (-29, 24),
(-24, 10), (-15, 6), (-19, 10),
(-16, 4), (-15, 5), (-13, 4),
(-31, 20), (-23, 18), (-28, 21),
(-18, 7), (-15, 6), (-14, 6),
(-14, 2), (-14, 3), (-13, 3),
(-31, 16), (-21, 12), (-23, 14),
(-15, 5), (-13, 5), (-9, 3),
(-12, 0), (-14, 2), (-16, 2),
(-30, 14), (-20, 10), (-20, 11),
(-14, 3), (-15, 4), (-10, 2),
(-12, -1), (-12, -1), (-16, 1),
(-28, 13), (-20, 10), (-18, 8),
(-14, 3), (-15, 4), (-15, 5),
(-13, 0), (-13, -1), (-16, 1),
(-27, 12), (-20, 9), (-18, 8),
(-14, 3), (-16, 4), (-16, 6),
(-14, 1), (-14, 0), (-18, 3),
(-28, 14), (-19, 9), (-19, 9),
(-14, 3), (-16, 5), (-16, 5),
(-14, 0), (-14, 0), (-17, 2),
(-25, 11), (-19, 8), (-17, 8),
(-16, 4), (-16, 4), (-17, 5),
(-13, 1), (-14, 1), (-16, 3),
(-19, 7), (-17, 8), (-14, 5),
(-13, 1), (-15, 4), (-17, 5),
(-9, -3), (-13, 0), (-13, 1),
(-16, 6), (-16, 8), (-15, 6),
(-11, 1), (-17, 5), (-18, 6),
(-9, -2), (-14, -1), (-13, 2),
(-16, 5), (-16, 6), (-13, 5),
(-12, 1), (-18, 5), (-19, 6),
(-9, -3), (-14, -2), (-11, 1),
(-14, 3), (-18, 7), (-13, 5),
(-10, -1), (-16, 2), (-18, 5),
(-8, -3), (-13, -4), (-11, 1),
(-15, 4), (-19, 8), (-14, 7),
(-8, -1), (-18, 3), (-18, 6),
(-7, -2), (-11, -4), (-10, 1),
(-15, 4), (-20, 9), (-17, 8),
(-10, 0), (-18, 3), (-17, 5),
(-8, -2), (-12, -3), (-12, 2),
(-14, 3), (-20, 8), (-19, 8),
(-8, -2), (-18, 3), (-17, 5),
(-7, -2), (-13, -4), (-13, 1),
(-12, 1), (-20, 8), (-18, 8),
(-8, -2), (-18, 1), (-15, 4),
(-8, -3), (-12, -5), (-11, -1),
(-10, 0), (-20, 7), (-18, 7),
(-8, -2), (-16, 1), (-16, 5),
(-8, -3), (-11, -5), (-11, -1),
(-10, 0), (-19, 5), (-18, 7),
(-8, -2), (-14, -2), (-14, 5),
(-7, -2), (-10, -5), (-10, -1),
(-10, -1), (-18, 4), (-17, 5),
(-9, -3), (-14, -3), (-13, 2),
(-8, -4), (-10, -9), (-11, -3),
(-8, -1), (-18, 5), (-17, 5),
(-9, -2), (-15, -2), (-13, 1),
(-8, -2), (-11, -8), (-10, -2),
(-9, -2), (-17, 2), (-15, 3),
(-8, -3), (-13, -5), (-13, 0),
(-7, -4), (-8, -11), (-10, -2),
(-9, -3), (-17, 2), (-15, 3),
(-7, -4), (-12, -6), (-13, 0),
(-7, -5), (-9, -10), (-9, -3),
(-8, -2), (-18, 3), (-16, 4),
(-8, -3), (-13, -4), (-12, 0),
(-7, -6), (-10, -11), (-9, -1),
(-10, -2), (-18, 3), (-17, 7),
(-8, -3), (-14, -3), (-14, 1),
(-7, -5), (-9, -10), (-8, -3),
(-10, -4), (-17, 2), (-16, 4),
(-8, -4), (-14, -5), (-14, 1),
(-8, -6), (-10, -12), (-9, -4),
(-10, -4), (-17, 2), (-14, 2),
(-8, -6), (-13, -6), (-12, -1),
(-7, -9), (-12, -11), (-9, -5),
(-11, -3), (-18, 4), (-15, 5),
(-9, -5), (-15, -2), (-14, 0),
(-7, -8), (-14, -8), (-10, -4),
(-13, -1), (-17, 6), (-13, 4),
(-10, -4), (-16, 2), (-15, 4),
(-7, -8), (-12, -7), (-12, -3),
(-16, 4), (-17, 8), (-12, 4),
(-12, -3), (-19, 6), (-14, 5),
(-9, -4), (-17, 1), (-14, 3),
(-18, 8), (-16, 10), (-14, 7),
(-14, 0), (-18, 7), (-12, 5),
(-10, -4), (-17, 3), (-14, 4),
(-21, 9), (-19, 9), (-22, 11),
(-15, 3), (-17, 9), (-12, 3),
(-12, -2), (-17, 4), (-14, 4),
(-26, 15), (-26, 17), (-32, 21),
(-17, 7), (-16, 9), (-12, 6),
(-14, 1), (-19, 8), (-12, 5),
(-31, 18), (-27, 16), (-30, 20),
(-17, 7), (-17, 9), (-19, 9),
(-15, 4), (-17, 7), (-10, 3),
(-36, 21), (-27, 19), (-20, 15),
(-20, 10), (-21, 11), (-27, 15),
(-16, 6), (-16, 8), (-10, 3),
(-35, 21), (-22, 16), (-9, 6),
(-30, 16), (-26, 14), (-32, 19),
(-16, 6), (-16, 7), (-16, 6),
(-31, 18), (-24, 17), (-3, 2),
(-35, 19), (-25, 16), (-30, 21),
(-14, 4), (-18, 8), (-19, 9),
(-27, 19), (-22, 17), (-6, 5),
(-39, 23), (-26, 18), (-25, 18),
(-19, 9), (-22, 12), (-26, 15),
(-10, 5), (-8, 8), (-7, 6),
(-35, 24), (-25, 19), (-21, 18),
(-26, 13), (-24, 12), (-29, 17),
(3, -6), (4, -4), (-3, 3),
(-24, 17), (-23, 17), (-19, 17),
(-26, 16), (-25, 15), (-27, 17),
(11, -14), (11, -13), (1, -1),
(-16, 11), (-19, 15), (-16, 15),
(-28, 19), (-28, 21), (-28, 21),
(14, -17), (13, -16), (1, 1),
(-14, 8), (-13, 9), (-7, 7),
(-30, 20), (-29, 21), (-27, 21),
(9, -12), (12, -14), (2, -2),
(-12, 9), (-9, 6), (2, -3),
(-33, 22), (-27, 21), (-27, 20),
(9, -11), (14, -16), (4, -4),
(-20, 14), (-12, 8), (-1, 0),
(-34, 20), (-29, 21), (-27, 19),
(4, -5), (14, -17), (3, -3),
(-24, 17), (-14, 10), (-7, 6),
(-34, 19), (-30, 21), (-26, 16),
(-5, 3), (14, -17), (-1, 2),
(-25, 19), (-13, 11), (-13, 12),
(-33, 19), (-29, 20), (-27, 18),
(-13, 10), (12, -14), (-9, 9),
(-25, 18), (-13, 9), (-18, 18),
(-35, 21), (-30, 21), (-28, 19),
(-16, 13), (10, -12), (-16, 16),
(-27, 23), (-17, 14), (-20, 20),
(-33, 20), (-29, 20), (-27, 17),
(-17, 13), (7, -9), (-13, 14),
(-26, 21), (-20, 15), (-26, 21),
(-27, 15), (-23, 14), (-28, 16),
(-15, 13), (0, -2), (-12, 13),
(-32, 23), (-26, 17), (-30, 22),
(-23, 12), (-18, 11), (-21, 12),
(-19, 15), (-13, 9), (-22, 19),
(-33, 22), (-25, 17), (-29, 21),
(-16, 7), (-20, 9), (-24, 13),
(-27, 21), (-18, 12), (-28, 23),
(-32, 19), (-25, 15), (-27, 18),
(-15, 6), (-15, 5), (-19, 8),
(-32, 22), (-25, 17), (-34, 26),
(-25, 15), (-17, 10), (-20, 11),
(-15, 6), (-12, 3), (-19, 10),
(-34, 23), (-29, 19), (-35, 24),
(-22, 12), (-20, 10), (-26, 16),
(-13, 3), (-13, 4), (-15, 6),
(-36, 22), (-27, 17), (-33, 22),
(-18, 9), (-24, 12), (-20, 11),
(-11, 2), (-14, 4), (-17, 7),
(-33, 20), (-25, 15), (-32, 21),
(-18, 8), (-24, 12), (-20, 10),
(-11, 3), (-14, 5), (-17, 7),
(-30, 18), (-22, 14), (-30, 20),
(-15, 6), (-19, 8), (-15, 7),
(-9, 1), (-12, 3), (-15, 6),
(-28, 16), (-18, 9), (-23, 14),
(-13, 5), (-17, 5), (-15, 5),
(-10, 1), (-11, 1), (-15, 5),
(-26, 13), (-14, 5), (-19, 12),
(-12, 3), (-20, 8), (-16, 6),
(-9, 0), (-12, 2), (-14, 4),
(-26, 14), (-15, 5), (-22, 14),
(-11, 1), (-19, 6), (-15, 4),
(-10, 0), (-13, 2), (-14, 3),
(-28, 14), (-30, 17), (-28, 17),
(-11, 4), (-21, 10), (-23, 11),
(-11, 2), (-12, 3), (-15, 6),
(-32, 18), (-33, 22), (-32, 21),
(-12, 4), (-22, 10), (-26, 15),
(-10, 1), (-13, 4), (-15, 6),
(-32, 17), (-33, 24), (-31, 23),
(-16, 7), (-24, 14), (-22, 13),
(-9, 1), (-14, 5), (-17, 6),
(-32, 17), (-33, 23), (-15, 11),
(-21, 9), (-32, 19), (-27, 16),
(-10, 2), (-13, 5), (-20, 9),
(-28, 15), (-36, 25), (-12, 9),
(-22, 10), (-35, 22), (-29, 21),
(-11, 3), (-14, 7), (-18, 9),
(-29, 15), (-36, 24), (-12, 11),
(-23, 11), (-38, 23), (-31, 24),
(-11, 3), (-19, 10), (-21, 11),
(-25, 12), (-35, 23), (-7, 7),
(-21, 9), (-36, 23), (-27, 23),
(-11, 2), (-24, 14), (-23, 14),
(-22, 9), (-37, 24), (-10, 9),
(-23, 9), (-37, 23), (-23, 20),
(-13, 4), (-27, 15), (-26, 17),
(-18, 6), (-39, 25), (-14, 13),
(-22, 8), (-37, 23), (-17, 15),
(-15, 4), (-32, 18), (-27, 19),
(-15, 4), (-37, 24), (-15, 13),
(-20, 6), (-36, 22), (-16, 13),
(-14, 4), (-34, 20), (-30, 21),
(-11, 1), (-33, 23), (-9, 8),
(-20, 6), (-34, 20), (-14, 11),
(-15, 5), (-33, 19), (-29, 22),
(-11, 2), (-30, 20), (-1, 1),
(-22, 7), (-34, 22), (-14, 13),
(-16, 4), (-34, 19), (-30, 21),
(-15, 6), (-28, 24), (1, -1),
(-25, 11), (-29, 21), (-11, 11),
(-21, 10), (-36, 24), (-34, 26),
(-20, 10), (-21, 18), (-3, 5),
(-30, 17), (-22, 16), (-6, 4),
(-21, 10), (-36, 26), (-37, 28),
(-22, 12), (-18, 17), (-8, 9),
(-31, 19), (-16, 15), (-5, 4),
(-24, 13), (-36, 27), (-40, 30),
(-24, 15), (-16, 16), (-6, 8),
(-29, 19), (-13, 10), (-12, 12),
(-28, 16), (-37, 27), (-40, 29),
(-25, 18), (-12, 13), (3, -1),
(-28, 20), (-10, 9), (-8, 10),
(-32, 19), (-36, 27), (-38, 28),
(-23, 18), (-12, 15), (9, -8),
(-27, 19), (-7, 7), (-4, 6),
(-34, 23), (-32, 23), (-36, 28),
(-23, 19), (-11, 13), (9, -10),
(-27, 21), (-8, 7), (-1, 3),
(-34, 20), (-35, 24), (-36, 28),
(-25, 20), (-5, 7), (9, -9),
(-28, 22), (-11, 12), (-4, 2),
(-36, 22), (-39, 28), (-38, 29),
(-27, 21), (7, -6), (11, -12),
(-27, 18), (-17, 15), (-10, 9),
(-30, 17), (-37, 25), (-37, 26),
(-28, 22), (6, -8), (13, -16),
(-31, 20), (-27, 20), (-29, 24),
(-26, 14), (-33, 22), (-32, 19),
(-25, 17), (-11, 8), (2, -3),
(-33, 19), (-40, 26), (-38, 27),
(-24, 13), (-30, 18), (-20, 10),
(-26, 15), (-26, 20), (-19, 15),
(-25, 13), (-37, 21), (-35, 20),
(-20, 8), (-20, 11), (-14, 6),
(-27, 16), (-35, 25), (-35, 25),
(-22, 9), (-31, 17), (-29, 16),
(-17, 6), (-15, 6), (-14, 5),
(-28, 14), (-38, 25), (-39, 26),
(-15, 8), (-27, 14), (-24, 11),
(-11, 2), (-12, 3), (-11, 3),
(-24, 12), (-31, 18), (-33, 19),
(-21, 8), (-20, 7), (-16, 5),
(-8, 0), (-9, 0), (-13, 2),
(-21, 10), (-28, 14), (-24, 11),
(-13, 4), (-12, 3), (-11, 3),
(-6, 0), (-10, 1), (-10, 0),
(-26, 12), (-20, 9), (-22, 11),
(-10, 3), (-9, 2), (-11, 3),
(-7, 1), (-13, 3), (-11, -1),
(-21, 11), (-13, 4), (-18, 8),
(-10, 3), (-10, 3), (-13, 3),
(-8, 2), (-14, 2), (-11, -3),
(-14, 6), (-10, 4), (-13, 6),
(-11, 4), (-11, 3), (-15, 2),
(-10, 3), (-13, -1), (-12, -2),
(-15, 9), (-11, 4), (-12, 7),
(-11, 5), (-13, 4), (-13, 0),
(-11, 4), (-14, -1), (-12, -2),
(-11, 5), (-10, 2), (-11, 3),
(-10, 3), (-12, 1), (-14, -1),
(-10, 1), (-12, -3), (-10, -4),
(-14, 6), (-10, 1), (-13, 4),
(-11, 3), (-14, 2), (-15, 0),
(-12, 3), (-12, -3), (-12, -3),
(-12, 5), (-9, 1), (-13, 4),
(-12, 4), (-14, 3), (-15, 2),
(-13, 4), (-12, -3), (-12, -1),
(-12, 4), (-9, 3), (-15, 7),
(-13, 4), (-15, 4), (-18, 4),
(-14, 2), (-13, -4), (-14, -2),
(-11, 3), (-11, 3), (-16, 7),
(-9, 2), (-13, 3), (-19, 7),
(-11, 1), (-14, -2), (-14, 0),
(-15, 7), (-15, 7), (-15, 7),
(-8, 1), (-12, 3), (-19, 9),
(-13, 2), (-16, 1), (-15, 1),
(-25, 13), (-21, 10), (-18, 9),
(-9, 1), (-12, 2), (-15, 6),
(-11, 2), (-16, 3), (-18, 5),
(-34, 19), (-28, 16), (-24, 15),
(-13, 4), (-16, 6), (-16, 6),
(-12, 4), (-15, 5), (-20, 8),
(-37, 22), (-31, 19), (-26, 17),
(-17, 7), (-18, 9), (-16, 8),
(-12, 3), (-14, 5), (-17, 6),
(-38, 22), (-32, 19), (-28, 16),
(-19, 8), (-17, 8), (-17, 7),
(-10, 3), (-14, 5), (-15, 5),
(-38, 22), (-32, 19), (-27, 17),
(-18, 9), (-19, 10), (-18, 9),
(-12, 4), (-16, 7), (-17, 8),
(-37, 21), (-30, 17), (-27, 16),
(-20, 10), (-18, 9), (-20, 9),
(-12, 3), (-15, 6), (-18, 8),
(-37, 23), (-30, 19), (-28, 19),
(-19, 11), (-18, 10), (-20, 12),
(-12, 5), (-16, 8), (-20, 11),
(-37, 21), (-30, 18), (-28, 17),
(-19, 9), (-18, 8), (-21, 11),
(-11, 2), (-16, 5), (-20, 8),
(-35, 21), (-32, 19), (-27, 16),
(-20, 11), (-20, 11), (-19, 10),
(-10, 2), (-13, 5), (-19, 9),
(-35, 22), (-35, 22), (-29, 18),
(-23, 12), (-22, 12), (-20, 11),
(-13, 4), (-14, 5), (-19, 8),
(-36, 22), (-37, 24), (-31, 20),
(-21, 11), (-22, 13), (-19, 11),
(-13, 5), (-14, 7), (-19, 11),
(-37, 23), (-33, 21), (-36, 23),
(-22, 11), (-22, 12), (-21, 13),
(-15, 7), (-14, 6), (-18, 10),
(-38, 25), (-33, 23), (-35, 25),
(-24, 12), (-20, 12), (-22, 14),
(-17, 8), (-15, 8), (-18, 10),
(-37, 25), (-32, 22), (-35, 26),
(-25, 13), (-19, 10), (-22, 14),
(-17, 9), (-18, 9), (-18, 10),
(-37, 22), (-27, 15), (-34, 22),
(-21, 10), (-20, 10), (-19, 10),
(-15, 6), (-16, 8), (-17, 8),
(-36, 22), (-27, 16), (-31, 20),
(-22, 11), (-19, 8), (-18, 9),
(-13, 6), (-16, 9), (-18, 8),
(-35, 22), (-26, 15), (-28, 19),
(-21, 11), (-20, 10), (-20, 11),
(-14, 6), (-19, 11), (-16, 8),
(-35, 21), (-27, 15), (-28, 18),
(-22, 9), (-20, 8), (-20, 11),
(-14, 6), (-19, 10), (-17, 8),
(-35, 21), (-26, 14), (-26, 15),
(-22, 10), (-19, 11), (-24, 14),
(-13, 6), (-18, 10), (-18, 8),
(-34, 20), (-27, 16), (-24, 16),
(-18, 9), (-22, 12), (-25, 14),
(-15, 8), (-19, 9), (-20, 8),
(-32, 19), (-26, 16), (-21, 15),
(-18, 9), (-22, 12), (-24, 13),
(-16, 9), (-16, 7), (-21, 9),
(-32, 19), (-25, 17), (-20, 15),
(-18, 10), (-23, 15), (-24, 14),
(-18, 10), (-18, 9), (-25, 12),
(-31, 19), (-22, 16), (-18, 13),
(-18, 11), (-23, 15), (-20, 11),
(-16, 9), (-20, 11), (-23, 12),
(-30, 18), (-23, 15), (-24, 18),
(-18, 10), (-23, 13), (-19, 11),
(-15, 8), (-20, 11), (-20, 10),
(-27, 17), (-23, 16), (-24, 18),
(-17, 8), (-22, 12), (-19, 10),
(-15, 8), (-21, 12), (-20, 9),
(-24, 15), (-22, 15), (-22, 17),
(-18, 9), (-23, 13), (-16, 9),
(-14, 6), (-23, 10), (-19, 8),
(-23, 14), (-25, 18), (-19, 14),
(-19, 11), (-23, 14), (-18, 10),
(-14, 6), (-23, 11), (-18, 7),
(-21, 15), (-24, 18), (-22, 15),
(-19, 12), (-25, 15), (-20, 10),
(-16, 9), (-18, 10), (-19, 11),
(-18, 10), (-24, 15), (-25, 15),
(-18, 9), (-28, 14), (-21, 10),
(-15, 6), (-15, 4), (-17, 6),
(-19, 10), (-22, 13), (-23, 13),
(-15, 9), (-23, 12), (-19, 10),
(-15, 5), (-15, 4), (-17, 6),
(-18, 9), (-24, 15), (-21, 12),
(-14, 6), (-23, 11), (-20, 8),
(-16, 5), (-14, 3), (-18, 6),
(-18, 8), (-25, 15), (-20, 10),
(-15, 9), (-27, 15), (-20, 10),
(-14, 4), (-16, 4), (-17, 6),
(-19, 10), (-23, 14), (-27, 15),
(-19, 10), (-27, 14), (-17, 10),
(-17, 7), (-17, 7), (-19, 8),
(-19, 10), (-22, 13), (-33, 21),
(-22, 13), (-27, 15), (-18, 10),
(-15, 6), (-18, 7), (-20, 10),
(-20, 11), (-22, 13), (-36, 25),
(-24, 13), (-22, 10), (-20, 10),
(-14, 5), (-17, 7), (-23, 11),
(-20, 12), (-24, 15), (-38, 26),
(-25, 13), (-15, 5), (-22, 11),
(-15, 5), (-16, 7), (-23, 10),
(-24, 14), (-28, 15), (-38, 25),
(-27, 13), (-14, 6), (-19, 9),
(-14, 3), (-17, 5), (-23, 9),
(-25, 15), (-29, 18), (-38, 26),
(-25, 13), (-16, 8), (-19, 11),
(-15, 5), (-17, 7), (-20, 9),
(-28, 17), (-32, 19), (-39, 27),
(-27, 15), (-18, 8), (-18, 9),
(-14, 4), (-17, 6), (-19, 9),
(-31, 19), (-33, 22), (-37, 26),
(-30, 16), (-23, 12), (-23, 12),
(-15, 4), (-16, 6), (-18, 7),
(-30, 20), (-35, 25), (-36, 27),
(-29, 17), (-28, 17), (-29, 18),
(-19, 8), (-17, 8), (-19, 11),
(-28, 19), (-35, 26), (-36, 29),
(-31, 18), (-31, 20), (-35, 23),
(-24, 12), (-18, 9), (-19, 10),
(-17, 15), (-30, 29), (-36, 29),
(-36, 22), (-36, 26), (-36, 28),
(-29, 18), (-24, 14), (-23, 13),
(2, -2), (-26, 26), (-33, 30),
(-31, 20), (-36, 27), (-37, 28),
(-33, 20), (-31, 21), (-32, 22),
(11, -12), (-19, 20), (-30, 29),
(-20, 17), (-34, 28), (-36, 30),
(-37, 22), (-38, 26), (-38, 29),
(6, -6), (-14, 15), (-25, 24),
(-10, 12), (-30, 29), (-35, 31),
(-32, 20), (-39, 29), (-37, 29),
(7, -6), (-13, 13), (-20, 19),
(-7, 11), (-27, 27), (-31, 28),
(-28, 19), (-37, 27), (-36, 27),
(10, -11), (-17, 17), (-22, 21),
(-9, 14), (-28, 27), (-31, 29),
(-30, 20), (-38, 27), (-35, 27),
(-2, 5), (-27, 27), (-27, 26),
(-26, 23), (-35, 27), (-31, 26),
(-29, 17), (-35, 23), (-33, 23),
(-18, 22), (-32, 29), (-29, 28),
(-33, 23), (-37, 27), (-34, 28),
(-25, 15), (-21, 13), (-23, 14),
(-26, 22), (-35, 26), (-32, 28),
(-24, 14), (-27, 16), (-30, 20),
(-18, 10), (-16, 9), (-15, 7),
(-28, 18), (-32, 21), (-35, 26),
(-18, 9), (-17, 9), (-19, 11),
(-14, 3), (-12, 3), (-12, 1),
(-22, 12), (-23, 15), (-27, 17),
(-15, 6), (-14, 6), (-14, 6),
(-12, 4), (-15, 3), (-12, 1),
(-19, 10), (-20, 11), (-22, 13),
(-14, 6), (-15, 6), (-14, 6),
(-14, 4), (-15, 3), (-11, 0),
(-18, 10), (-21, 12), (-24, 16),
(-15, 6), (-13, 4), (-14, 5),
(-12, 3), (-13, 2), (-11, 0),
(-20, 11), (-21, 12), (-27, 19),
(-13, 6), (-14, 6), (-15, 6),
(-14, 4), (-15, 3), (-11, 0),
(-22, 14), (-25, 15), (-30, 22),
(-13, 7), (-15, 7), (-15, 7),
(-15, 6), (-13, 3), (-12, 1),
(-23, 13), (-25, 15), (-34, 25),
(-14, 6), (-15, 8), (-16, 8),
(-13, 5), (-13, 3), (-12, 2),
(-23, 14), (-23, 14), (-29, 24),
(-16, 7), (-19, 10), (-22, 13),
(-11, 3), (-11, 2), (-12, 1),
(-20, 17), (-22, 18), (-28, 26),
(-22, 12), (-21, 12), (-28, 17),
(-11, 5), (-13, 6), (-15, 5),
(-16, 17), (-20, 18), (-25, 25),
(-23, 14), (-20, 12), (-33, 22),
(-10, 2), (-13, 5), (-16, 5),
(-15, 18), (-22, 22), (-22, 23),
(-24, 13), (-18, 11), (-29, 19),
(-12, 4), (-13, 4), (-18, 8),
(-17, 22), (-23, 25), (-22, 23),
(-24, 14), (-16, 12), (-26, 22),
(-17, 6), (-16, 6), (-22, 11),
(-18, 21), (-20, 22), (-22, 22),
(-21, 14), (-18, 15), (-24, 24),
(-21, 10), (-18, 10), (-23, 13),
(-8, 9), (-10, 9), (-19, 18),
(-19, 16), (-19, 18), (-23, 23),
(-24, 12), (-17, 9), (-25, 16),
(5, -6), (3, -4), (-13, 11),
(-18, 22), (-19, 23), (-22, 24),
(-25, 14), (-19, 12), (-27, 21),
(-3, 1), (-2, 0), (-10, 8),
(-17, 23), (-17, 22), (-22, 25),
(-25, 18), (-22, 18), (-26, 25),
(-7, 4), (-7, 5), (-10, 7),
(-13, 17), (-13, 15), (-24, 23),
(-24, 16), (-20, 18), (-24, 23),
(-11, 9), (-11, 8), (-11, 7),
(-5, 6), (-5, 6), (-20, 19),
(-23, 19), (-24, 23), (-24, 26),
(-18, 17), (-16, 13), (-12, 12),
(4, -7), (8, -10), (-10, 7),
(-19, 20), (-18, 22), (-19, 23),
(-13, 14), (-19, 15), (-13, 12),
(-2, 1), (7, -8), (-6, 4),
(-15, 15), (-17, 22), (-16, 23),
(-15, 16), (-15, 13), (-12, 10),
(-1, 1), (7, -7), (-4, 5),
(-18, 15), (-23, 24), (-18, 24),
(-4, 4), (-3, -1), (-9, 8),
(-5, 9), (-3, 6), (-15, 19),
(-29, 20), (-26, 22), (-23, 21),
(0, -2), (3, -5), (-15, 14),
(-4, 6), (-9, 16), (-17, 23),
(-35, 23), (-31, 23), (-28, 20),
(7, -10), (7, -7), (-14, 13),
(-5, 6), (-7, 15), (-17, 22),
(-35, 23), (-33, 23), (-26, 18),
(14, -18), (9, -9), (-14, 14),
(-16, 14), (-15, 18), (-23, 23),
(-34, 21), (-30, 19), (-26, 16),
(11, -15), (7, -7), (-12, 14),
(-29, 23), (-25, 22), (-29, 23),
(-27, 14), (-23, 12), (-22, 12),
(3, -6), (2, -1), (-11, 14),
(-33, 23), (-30, 23), (-29, 21),
(-22, 11), (-17, 6), (-20, 10),
(-4, 0), (-2, 2), (-13, 16),
(-36, 25), (-32, 23), (-30, 20),
(-20, 11), (-16, 7), (-20, 10),
(-13, 8), (-6, 5), (-12, 14),
(-38, 23), (-32, 21), (-31, 19),
(-19, 11), (-15, 7), (-20, 10),
(-27, 21), (-16, 15), (-19, 20),
(-33, 19), (-26, 16), (-28, 16),
(-17, 7), (-16, 5), (-19, 8),
(-36, 24), (-28, 21), (-29, 22),
(-24, 12), (-20, 11), (-25, 14),
(-17, 7), (-15, 4), (-19, 8),
(-30, 17), (-29, 17), (-28, 17),
(-18, 8), (-15, 4), (-18, 9),
(-14, 2), (-12, -2), (-15, 2),
(-21, 10), (-20, 9), (-23, 12),
(-19, 7), (-12, 0), (-18, 7),
(-11, 0), (-13, -3), (-12, -1),
(-22, 13), (-22, 12), (-25, 15),
(-21, 8), (-13, 0), (-19, 8),
(-11, 0), (-13, -1), (-13, 2),
(-22, 12), (-22, 11), (-24, 13),
(-22, 10), (-14, 1), (-19, 9),
(-12, 1), (-15, 0), (-14, 2),
(-19, 12), (-17, 6), (-23, 13),
(-20, 8), (-12, -1), (-18, 8),
(-11, -1), (-16, 0), (-13, 0),
(-19, 10), (-20, 9), (-22, 12),
(-20, 7), (-13, 0), (-18, 8),
(-11, 0), (-16, 0), (-14, 2),
(-22, 12), (-23, 11), (-23, 12),
(-21, 10), (-12, -1), (-17, 7),
(-12, 0), (-16, -1), (-16, 1),
(-26, 14), (-27, 14), (-26, 14),
(-19, 9), (-14, 2), (-16, 7),
(-13, 1), (-14, -1), (-15, 2),
(-31, 16), (-33, 18), (-28, 16),
(-16, 7), (-16, 3), (-18, 9),
(-14, 2), (-14, -1), (-15, 2),
(-33, 19), (-30, 18), (-31, 19),
(-16, 7), (-17, 6), (-17, 7),
(-14, 2), (-15, 1), (-17, 2),
(-36, 19), (-30, 18), (-33, 20),
(-15, 6), (-19, 8), (-17, 7),
(-15, 4), (-16, 2), (-17, 3),
(-36, 21), (-31, 19), (-34, 21),
(-15, 5), (-18, 8), (-18, 8),
(-15, 3), (-16, 2), (-17, 2),
(-38, 22), (-31, 20), (-34, 22),
(-16, 7), (-18, 9), (-18, 8),
(-16, 4), (-17, 4), (-17, 3),
(-38, 22), (-32, 19), (-32, 20),
(-17, 7), (-16, 7), (-19, 8),
(-16, 4), (-16, 3), (-17, 1),
(-38, 22), (-35, 22), (-34, 23),
(-19, 9), (-17, 9), (-20, 8),
(-16, 5), (-17, 5), (-16, 3),
(-38, 22), (-36, 23), (-33, 21),
(-20, 9), (-17, 8), (-23, 11),
(-16, 5), (-17, 5), (-18, 3),
(-37, 23), (-34, 23), (-30, 20),
(-22, 10), (-20, 9), (-25, 13),
(-14, 5), (-16, 4), (-18, 6),
(-36, 23), (-32, 23), (-30, 21),
(-25, 12), (-23, 12), (-26, 14),
(-16, 6), (-16, 4), (-16, 6),
(-34, 21), (-29, 21), (-30, 21),
(-23, 12), (-25, 13), (-25, 13),
(-16, 7), (-15, 4), (-17, 6),
(-36, 23), (-31, 20), (-29, 20),
(-23, 11), (-24, 12), (-26, 15),
(-16, 7), (-15, 4), (-18, 7),
(-38, 23), (-34, 22), (-30, 21),
(-20, 9), (-22, 11), (-24, 13),
(-17, 7), (-13, 2), (-17, 6),
(-37, 23), (-35, 22), (-31, 21),
(-19, 8), (-21, 10), (-23, 11),
(-16, 6), (-13, 1), (-16, 5),
(-37, 24), (-36, 24), (-31, 21),
(-17, 9), (-22, 12), (-22, 12),
(-18, 7), (-15, 4), (-18, 8),
(-36, 24), (-34, 22), (-30, 20),
(-17, 7), (-22, 12), (-22, 12),
(-16, 6), (-14, 1), (-19, 8),
(-33, 22), (-33, 22), (-29, 20),
(-17, 9), (-19, 10), (-21, 11),
(-17, 7), (-15, 2), (-19, 8),
(-30, 19), (-34, 23), (-29, 21),
(-16, 7), (-19, 9), (-23, 12),
(-18, 7), (-16, 3), (-20, 9),
(-29, 20), (-34, 22), (-28, 18),
(-16, 8), (-19, 10), (-22, 12),
(-16, 6), (-17, 4), (-19, 8),
(-30, 20), (-34, 22), (-27, 16),
(-15, 8), (-20, 10), (-21, 11),
(-16, 5), (-20, 6), (-17, 7),
(-29, 19), (-34, 21), (-26, 16),
(-15, 6), (-19, 8), (-20, 9),
(-15, 3), (-18, 3), (-17, 6),
(-29, 19), (-34, 20), (-24, 15),
(-14, 6), (-20, 11), (-20, 10),
(-17, 5), (-19, 4), (-16, 5),
(-31, 19), (-32, 18), (-24, 14),
(-16, 8), (-20, 10), (-19, 9),
(-17, 6), (-20, 5), (-16, 5),
(-32, 20), (-32, 18), (-24, 14),
(-16, 8), (-21, 11), (-21, 10),
(-17, 5), (-19, 4), (-16, 5),
(-32, 21), (-32, 19), (-24, 16),
(-16, 8), (-20, 10), (-18, 9),
(-16, 6), (-22, 7), (-18, 8),
(-30, 19), (-32, 18), (-24, 13),
(-16, 8), (-18, 10), (-18, 9),
(-16, 5), (-18, 4), (-15, 5),
(-25, 14), (-30, 16), (-19, 10),
(-16, 8), (-18, 7), (-16, 7),
(-15, 2), (-18, 2), (-14, 4),
(-21, 12), (-25, 14), (-19, 10),
(-15, 4), (-19, 6), (-15, 4),
(-16, 1), (-16, 2), (-15, 4),
(-19, 12), (-25, 15), (-18, 10),
(-13, 5), (-20, 9), (-15, 6),
(-16, 4), (-18, 4), (-14, 4),
(-19, 10), (-23, 12), (-17, 9),
(-14, 6), (-19, 7), (-15, 6),
(-16, 3), (-19, 4), (-16, 6),
(-20, 12), (-24, 13), (-17, 8),
(-13, 5), (-21, 9), (-16, 7),
(-16, 3), (-18, 3), (-14, 2),
(-21, 12), (-24, 13), (-18, 9),
(-13, 6), (-20, 10), (-16, 7),
(-16, 4), (-18, 5), (-14, 5),
(-24, 15), (-24, 13), (-19, 11),
(-13, 6), (-20, 9), (-20, 9),
(-17, 5), (-19, 6), (-14, 4),
(-29, 17), (-25, 13), (-19, 11),
(-15, 7), (-17, 6), (-22, 10),
(-18, 5), (-18, 5), (-18, 5),
(-33, 18), (-25, 15), (-19, 11),
(-17, 9), (-17, 7), (-25, 13),
(-19, 6), (-16, 5), (-19, 5),
(-34, 20), (-25, 16), (-20, 13),
(-17, 8), (-18, 8), (-23, 11),
(-21, 6), (-14, 3), (-17, 4),
(-33, 18), (-23, 13), (-20, 13),
(-19, 9), (-16, 6), (-25, 13),
(-19, 5), (-14, 4), (-17, 4),
(-32, 18), (-21, 11), (-20, 12),
(-18, 8), (-18, 7), (-24, 12),
(-20, 6), (-16, 6), (-16, 6),
(-30, 18), (-22, 12), (-22, 16),
(-18, 8), (-20, 9), (-18, 10),
(-17, 6), (-21, 8), (-16, 6),
(-29, 17), (-21, 12), (-26, 18),
(-19, 8), (-20, 9), (-18, 10),
(-14, 5), (-21, 9), (-16, 7),
(-28, 18), (-23, 14), (-33, 23),
(-19, 8), (-23, 11), (-20, 11),
(-14, 5), (-19, 7), (-19, 9),
(-27, 16), (-23, 15), (-36, 25),
(-20, 9), (-23, 13), (-23, 13),
(-17, 5), (-14, 4), (-20, 9),
(-25, 15), (-26, 18), (-38, 26),
(-20, 9), (-25, 15), (-25, 14),
(-20, 7), (-13, 3), (-20, 8),
(-18, 10), (-30, 21), (-35, 24),
(-21, 10), (-26, 14), (-30, 16),
(-19, 8), (-15, 6), (-20, 8),
(-19, 14), (-34, 25), (-36, 25),
(-21, 11), (-26, 14), (-33, 18),
(-17, 5), (-15, 5), (-17, 6),
(-20, 14), (-35, 25), (-35, 25),
(-21, 12), (-26, 13), (-32, 17),
(-16, 5), (-15, 5), (-17, 4),
(-24, 19), (-37, 27), (-37, 27),
(-22, 12), (-29, 17), (-32, 17),
(-20, 10), (-15, 7), (-18, 7),
(-24, 18), (-37, 29), (-36, 27),
(-21, 12), (-32, 19), (-35, 19),
(-23, 10), (-14, 6), (-19, 8),
(-26, 19), (-35, 28), (-33, 26),
(-20, 12), (-35, 21), (-36, 21),
(-23, 11), (-15, 6), (-21, 10),
(-24, 19), (-34, 28), (-31, 25),
(-20, 12), (-37, 24), (-37, 22),
(-23, 10), (-16, 6), (-21, 10),
(-20, 18), (-35, 28), (-32, 28),
(-22, 13), (-37, 24), (-38, 23),
(-20, 9), (-17, 8), (-21, 11),
(-17, 15), (-36, 28), (-28, 27),
(-22, 14), (-40, 25), (-38, 24),
(-21, 11), (-17, 9), (-23, 13),
(-15, 14), (-37, 28), (-27, 26),
(-22, 14), (-40, 26), (-40, 25),
(-20, 11), (-16, 7), (-24, 12),
(-18, 16), (-39, 28), (-29, 27),
(-25, 14), (-40, 25), (-40, 25),
(-23, 12), (-18, 9), (-25, 13),
(-21, 17), (-42, 28), (-30, 27),
(-23, 14), (-40, 26), (-40, 25),
(-21, 10), (-17, 7), (-22, 10),
(-25, 21), (-41, 27), (-32, 28),
(-25, 15), (-39, 24), (-40, 25),
(-21, 10), (-18, 7), (-21, 9),
(-27, 23), (-41, 27), (-33, 27),
(-26, 16), (-37, 24), (-39, 25),
(-19, 7), (-20, 10), (-19, 8),
(-29, 22), (-41, 27), (-35, 26),
(-27, 16), (-40, 25), (-40, 26),
(-19, 8), (-19, 8), (-18, 6),
(-30, 24), (-41, 28), (-37, 28),
(-28, 18), (-39, 25), (-40, 26),
(-20, 9), (-20, 10), (-18, 7),
(-32, 25), (-39, 27), (-38, 27),
(-28, 18), (-39, 25), (-41, 27),
(-19, 8), (-22, 11), (-17, 7),
(-33, 26), (-40, 28), (-37, 27),
(-30, 20), (-39, 25), (-39, 25),
(-18, 7), (-22, 11), (-15, 4),
(-34, 26), (-39, 28), (-36, 27),
(-31, 19), (-40, 26), (-38, 26),
(-17, 6), (-22, 11), (-16, 5),
(-35, 26), (-40, 28), (-36, 26),
(-33, 20), (-41, 26), (-39, 27),
(-17, 6), (-24, 13), (-15, 5),
(-36, 26), (-40, 28), (-34, 25),
(-33, 20), (-41, 26), (-39, 25),
(-17, 7), (-22, 10), (-14, 4),
(-36, 27), (-39, 29), (-35, 27),
(-34, 21), (-41, 27), (-37, 26),
(-15, 5), (-23, 12), (-14, 5),
(-34, 27), (-36, 27), (-33, 26),
(-35, 21), (-39, 24), (-36, 24),
(-17, 6), (-23, 11), (-15, 4),
(-33, 25), (-36, 27), (-35, 27),
(-36, 22), (-41, 26), (-37, 25),
(-16, 6), (-24, 11), (-15, 5),
(-34, 25), (-35, 26), (-33, 25),
(-37, 22), (-40, 25), (-35, 24),
(-14, 4), (-22, 8), (-13, 2),
(-34, 25), (-34, 26), (-34, 26),
(-37, 22), (-39, 23), (-34, 23),
(-16, 6), (-21, 8), (-13, 2),
(-34, 25), (-35, 26), (-33, 26),
(-37, 22), (-39, 24), (-35, 24),
(-15, 5), (-20, 9), (-14, 3),
(-34, 26), (-35, 26), (-34, 27),
(-36, 22), (-39, 24), (-36, 24),
(-15, 5), (-20, 8), (-13, 3),
(-36, 26), (-35, 26), (-34, 26),
(-34, 20), (-39, 23), (-35, 24),
(-16, 5), (-18, 6), (-14, 3),
(-37, 26), (-34, 26), (-33, 27),
(-34, 20), (-40, 24), (-35, 24),
(-15, 5), (-20, 8), (-14, 4),
(-36, 25), (-33, 26), (-33, 27),
(-35, 20), (-38, 22), (-35, 23),
(-14, 3), (-20, 7), (-14, 3),
(-34, 25), (-33, 26), (-31, 26),
(-34, 21), (-40, 25), (-35, 24),
(-14, 5), (-18, 7), (-14, 5),
(-33, 25), (-34, 26), (-31, 25),
(-33, 22), (-39, 25), (-36, 26),
(-14, 5), (-19, 8), (-16, 7),
(-31, 24), (-31, 25), (-30, 27),
(-30, 19), (-38, 25), (-35, 26),
(-14, 5), (-19, 8), (-18, 8),
(-27, 23), (-31, 26), (-30, 27),
(-30, 20), (-38, 24), (-36, 26),
(-13, 6), (-20, 10), (-19, 10),
(-25, 23), (-29, 26), (-30, 25),
(-29, 19), (-37, 25), (-35, 26),
(-14, 5), (-22, 10), (-21, 11),
(-24, 23), (-26, 25), (-26, 26),
(-27, 17), (-35, 23), (-35, 24),
(-15, 7), (-23, 11), (-23, 12),
(-23, 24), (-25, 24), (-26, 24),
(-25, 16), (-36, 25), (-33, 25),
(-16, 7), (-25, 13), (-25, 14),
(-22, 23), (-25, 25), (-25, 26),
(-23, 14), (-35, 24), (-32, 24),
(-15, 7), (-24, 13), (-24, 14),
(-20, 21), (-22, 24), (-24, 25),
(-21, 13), (-32, 23), (-34, 25),
(-15, 6), (-23, 12), (-23, 13),
(-22, 21), (-22, 23), (-24, 24),
(-21, 13), (-30, 20), (-31, 23),
(-14, 4), (-22, 11), (-21, 11),
(-19, 22), (-22, 24), (-24, 26),
(-20, 14), (-29, 20), (-32, 25),
(-15, 5), (-23, 11), (-21, 11),
(-20, 22), (-21, 24), (-24, 25),
(-21, 14), (-30, 21), (-31, 24),
(-15, 4), (-22, 10), (-20, 10),
(-18, 23), (-20, 24), (-24, 26),
(-20, 13), (-30, 20), (-29, 23),
(-15, 6), (-20, 9), (-17, 8),
(-16, 23), (-20, 23), (-25, 26),
(-20, 12), (-30, 19), (-28, 21),
(-14, 6), (-18, 9), (-15, 8),
(-17, 20), (-23, 23), (-28, 26),
(-21, 10), (-29, 16), (-25, 17),
(-15, 4), (-14, 3), (-13, 4),
(-20, 20), (-22, 20), (-29, 25),
(-22, 11), (-29, 17), (-23, 15),
(-16, 6), (-15, 4), (-15, 6),
(-25, 20), (-26, 20), (-32, 25),
(-22, 10), (-27, 14), (-22, 12),
(-15, 6), (-14, 3), (-14, 4),
(-29, 20), (-28, 19), (-31, 22),
(-20, 7), (-26, 12), (-21, 9),
(-13, 4), (-13, 2), (-15, 3),
(-31, 19), (-31, 20), (-31, 21),
(-19, 7), (-23, 10), (-17, 7),
(-15, 5), (-12, 1), (-15, 2),
(-32, 18), (-33, 20), (-31, 19),
(-16, 5), (-23, 10), (-16, 6),
(-15, 5), (-12, 1), (-16, 2),
(-31, 18), (-34, 21), (-28, 17),
(-14, 4), (-20, 8), (-16, 6),
(-14, 3), (-11, 0), (-17, 2),
(-27, 12), (-34, 19), (-27, 14),
(-12, 2), (-14, 3), (-15, 4),
(-11, 0), (-10, -1), (-17, 0),
(-25, 11), (-31, 17), (-25, 12),
(-11, 2), (-14, 2), (-15, 3),
(-12, 0), (-10, -1), (-17, -1),
(-25, 11), (-33, 17), (-25, 13),
(-11, 2), (-15, 4), (-16, 5),
(-12, 0), (-10, -2), (-20, 1),
(-25, 12), (-35, 19), (-25, 12),
(-10, 0), (-15, 2), (-16, 4),
(-11, 0), (-9, -2), (-21, 1),
(-28, 15), (-38, 22), (-29, 16),
(-12, 3), (-17, 6), (-17, 6),
(-11, 1), (-12, 0), (-20, 3),
(-27, 14), (-37, 22), (-27, 15),
(-11, 2), (-16, 5), (-18, 8),
(-11, 1), (-11, 0), (-23, 4),
(-20, 8), (-32, 17), (-27, 15),
(-9, 1), (-14, 2), (-18, 6),
(-11, 0), (-11, -1), (-26, 5),
(-16, 6), (-26, 12), (-22, 10),
(-10, 1), (-14, 2), (-19, 7),
(-11, -1), (-10, -2), (-27, 3),
(-13, 4), (-22, 9), (-22, 9),
(-9, -1), (-12, -1), (-18, 4),
(-12, -2), (-9, -4), (-23, 0),
(-11, 3), (-21, 9), (-24, 10),
(-10, 1), (-13, 1), (-19, 5),
(-12, 0), (-9, -3), (-23, 2),
(-12, 4), (-17, 7), (-24, 12),
(-12, 3), (-13, 2), (-19, 4),
(-12, 0), (-10, -2), (-21, 1),
(-13, 4), (-19, 8), (-24, 11),
(-13, 3), (-13, 1), (-18, 3),
(-12, 1), (-10, -2), (-19, 1),
(-18, 7), (-23, 10), (-29, 14),
(-12, 3), (-11, 2), (-16, 4),
(-12, 1), (-11, -2), (-17, -1),
(-22, 10), (-32, 17), (-36, 20),
(-13, 3), (-12, 1), (-17, 4),
(-13, 2), (-12, -1), (-19, 2),
(-20, 8), (-31, 15), (-34, 18),
(-12, 2), (-11, 0), (-18, 4),
(-13, 2), (-11, -2), (-21, 3),
(-12, 3), (-19, 6), (-23, 10),
(-11, 2), (-11, -1), (-20, 5),
(-13, -1), (-9, -4), (-23, 1),
(-25, 13), (-34, 18), (-34, 20),
(-10, 2), (-12, 2), (-19, 7),
(-11, 0), (-10, -3), (-24, 6),
(-29, 16), (-39, 22), (-36, 20),
(-11, 2), (-15, 4), (-20, 7),
(-12, 1), (-11, -3), (-23, 7),
(-32, 17), (-38, 21), (-36, 20),
(-13, 5), (-16, 5), (-20, 9),
(-10, 1), (-12, -2), (-23, 8),
(-34, 21), (-39, 23), (-37, 23),
(-16, 7), (-21, 9), (-24, 11),
(-11, 1), (-17, 4), (-18, 5),
(-36, 20), (-37, 21), (-35, 20),
(-17, 6), (-20, 9), (-23, 10),
(-12, -1), (-18, 4), (-17, 5),
(-35, 21), (-37, 22), (-37, 23),
(-19, 8), (-21, 9), (-24, 11),
(-11, -1), (-17, 5), (-14, 3),
(-37, 20), (-35, 19), (-35, 19),
(-16, 4), (-19, 7), (-15, 5),
(-11, -3), (-18, 2), (-16, 3),
(-37, 20), (-33, 18), (-37, 21),
(-15, 3), (-17, 6), (-15, 6),
(-11, -3), (-19, 5), (-14, 5),
(-40, 23), (-35, 22), (-35, 22),
(-18, 5), (-17, 7), (-17, 8),
(-12, -1), (-18, 6), (-13, 4),
(-38, 23), (-34, 22), (-34, 23),
(-23, 9), (-20, 9), (-21, 10),
(-13, 0), (-16, 6), (-12, 3),
(-35, 22), (-33, 24), (-34, 24),
(-26, 13), (-28, 16), (-29, 16),
(-17, 5), (-12, 3), (-11, 3),
(-28, 17), (-30, 22), (-30, 23),
(-32, 17), (-34, 19), (-27, 17),
(-16, 5), (-9, 1), (-15, 6),
(-20, 14), (-20, 16), (-26, 23),
(-38, 21), (-35, 20), (-31, 20),
(-16, 6), (-15, 6), (-18, 9),
(-24, 16), (-25, 19), (-25, 22),
(-38, 21), (-35, 20), (-25, 16),
(-14, 4), (-15, 5), (-21, 9),
(-1, 0), (-6, 4), (-18, 16),
(-37, 22), (-34, 23), (-32, 21),
(-26, 12), (-23, 12), (-23, 13),
(0, -1), (-7, 7), (5, -6),
(-11, 7), (-25, 19), (-27, 23),
(-37, 21), (-37, 23), (-33, 21),
(12, -14), (1, -1), (1, -2),
(-16, 11), (-27, 18), (-27, 22),
(-35, 19), (-34, 18), (-33, 20),
(13, -15), (9, -10), (-1, 2),
(-20, 13), (-21, 15), (-28, 22),
(-31, 17), (-37, 22), (-33, 20),
(14, -18), (13, -16), (-4, 1),
(-31, 21), (-28, 21), (-30, 23),
(-26, 13), (-33, 18), (-27, 15),
(13, -17), (15, -19), (3, -6),
(-30, 20), (-26, 18), (-29, 23),
(-26, 14), (-34, 19), (-30, 19),
(12, -14), (16, -20), (14, -17),
(-23, 15), (-16, 10), (-20, 16),
(-28, 14), (-34, 20), (-32, 20),
(2, -5), (15, -19), (15, -19),
(-28, 19), (-22, 17), (-21, 16),
(-27, 14), (-32, 19), (-32, 20),
(-5, 2), (6, -9), (10, -13),
(-32, 20), (-30, 20), (-28, 21),
(-19, 8), (-27, 13), (-25, 14),
(-16, 11), (-6, 3), (-1, -3),
(-31, 20), (-33, 22), (-30, 23),
(-18, 10), (-26, 14), (-24, 14),
(-28, 19), (-16, 12), (-14, 10),
(-30, 19), (-37, 24), (-34, 24),
(-18, 9), (-22, 9), (-18, 7),
(-29, 21), (-25, 19), (-27, 21),
(-30, 17), (-37, 22), (-38, 24),
(-17, 8), (-19, 8), (-15, 5),
(-30, 21), (-33, 23), (-30, 23),
(-27, 13), (-30, 16), (-32, 18),
(-17, 7), (-15, 7), (-12, 5),
(-32, 22), (-35, 22), (-31, 23),
(-28, 14), (-25, 13), (-29, 17),
(-18, 6), (-14, 6), (-14, 5),
(-31, 20), (-34, 23), (-31, 22),
(-27, 12), (-26, 13), (-27, 14),
(-17, 7), (-14, 5), (-14, 5),
(-31, 22), (-35, 22), (-32, 23),
(-27, 14), (-25, 13), (-25, 13),
(-17, 7), (-16, 7), (-12, 4),
(-34, 21), (-34, 21), (-31, 20),
(-25, 13), (-22, 10), (-19, 8),
(-15, 4), (-15, 6), (-10, 2),
(-37, 21), (-32, 18), (-30, 18),
(-19, 8), (-18, 8), (-16, 6),
(-17, 4), (-12, 2), (-13, 3),
(-31, 15), (-23, 10), (-24, 12),
(-16, 5), (-15, 6), (-15, 6),
(-18, 3), (-10, 1), (-12, 1),
(-28, 13), (-20, 9), (-19, 9),
(-16, 5), (-14, 5), (-14, 5),
(-19, 3), (-12, 3), (-12, 1),
(-28, 13), (-20, 8), (-20, 10),
(-16, 5), (-19, 8), (-15, 6),
(-18, 4), (-13, 4), (-13, 3),
(-33, 18), (-25, 12), (-24, 14),
(-18, 7), (-23, 11), (-17, 8),
(-18, 4), (-14, 4), (-11, 3),
(-38, 21), (-31, 18), (-32, 21),
(-22, 11), (-24, 12), (-21, 10),
(-17, 5), (-15, 7), (-13, 5),
(-39, 22), (-33, 19), (-29, 18),
(-21, 11), (-21, 11), (-23, 12),
(-15, 2), (-16, 6), (-13, 4),
(-41, 25), (-35, 25), (-32, 23),
(-24, 13), (-23, 11), (-21, 11),
(-16, 6), (-17, 8), (-16, 10),
(-39, 24), (-34, 23), (-30, 21),
(-22, 10), (-20, 8), (-19, 9),
(-16, 6), (-18, 8), (-17, 10),
(-38, 23), (-34, 21), (-30, 21),
(-20, 9), (-20, 9), (-19, 9),
(-14, 4), (-16, 7), (-13, 9),
(-33, 18), (-33, 18), (-29, 19),
(-17, 7), (-15, 5), (-17, 9),
(-14, 3), (-17, 5), (-12, 6),
(-24, 12), (-23, 11), (-26, 13),
(-16, 6), (-15, 6), (-14, 9),
(-16, 1), (-17, 3), (-13, 4),
(-18, 8), (-17, 8), (-19, 9),
(-16, 3), (-15, 5), (-14, 8),
(-16, 0), (-14, -1), (-12, 1),
(-18, 8), (-16, 6), (-19, 9),
(-15, 3), (-14, 5), (-14, 8),
(-17, 1), (-14, 0), (-12, 2),
(-16, 7), (-16, 6), (-17, 8),
(-14, 4), (-14, 5), (-13, 7),
(-17, 1), (-15, -1), (-12, 1),
(-18, 8), (-15, 5), (-19, 8),
(-17, 7), (-16, 8), (-15, 10),
(-16, 3), (-16, 2), (-13, 4),
(-17, 6), (-15, 5), (-20, 9),
(-16, 5), (-17, 7), (-16, 7),
(-13, -1), (-15, -1), (-12, 2),
(-19, 8), (-16, 6), (-19, 7),
(-15, 5), (-16, 6), (-17, 8),
(-12, 1), (-17, 1), (-15, 3),
(-16, 7), (-20, 9), (-18, 7),
(-9, 1), (-15, 4), (-14, 5),
(-7, 1), (-17, 3), (-16, 2),
(-11, 4), (-27, 14), (-24, 12),
(-6, 1), (-15, 6), (-13, 5),
(-4, 1), (-15, 4), (-16, 4),
(-7, 2), (-31, 17), (-31, 18),
(-3, -1), (-12, 3), (-15, 5),
(-2, -1), (-13, 3), (-16, 4),
(-5, 1), (-32, 17), (-32, 17),
(-3, 0), (-13, 4), (-14, 5),
(-2, -1), (-13, 4), (-16, 4),
(-9, 3), (-26, 13), (-27, 15),
(-5, 0), (-15, 6), (-15, 5),
(-4, 0), (-14, 3), (-14, 2),
(-14, 7), (-29, 16), (-27, 15),
(-8, 3), (-16, 7), (-16, 7),
(-5, 1), (-18, 6), (-14, 4),
(-15, 7), (-28, 15), (-28, 15),
(-7, 1), (-13, 5), (-15, 6),
(-6, 1), (-17, 4), (-12, 3),
(-15, 6), (-27, 13), (-28, 15),
(-9, 3), (-15, 6), (-16, 7),
(-8, 3), (-16, 6), (-12, 4),
(-17, 7), (-26, 14), (-28, 15),
(-10, 2), (-15, 5), (-17, 7),
(-8, 1), (-15, 3), (-12, 2),
(-18, 9), (-27, 14), (-27, 15),
(-11, 3), (-12, 3), (-18, 8),
(-10, 2), (-14, 3), (-13, 5),
(-18, 7), (-27, 14), (-24, 12),
(-14, 4), (-13, 3), (-16, 6),
(-12, 3), (-11, 1), (-12, 4),
(-19, 8), (-30, 15), (-24, 14),
(-13, 4), (-14, 5), (-14, 6),
(-12, 2), (-11, 1), (-12, 2),
(-18, 9), (-34, 19), (-27, 15),
(-15, 7), (-15, 7), (-16, 9),
(-14, 4), (-10, 2), (-14, 4),
(-19, 8), (-33, 17), (-26, 14),
(-13, 4), (-16, 5), (-14, 6),
(-12, 2), (-11, 2), (-13, 3),
(-21, 9), (-32, 16), (-26, 13),
(-13, 3), (-18, 6), (-16, 8),
(-11, 1), (-9, 1), (-16, 5),
(-22, 8), (-30, 16), (-27, 14),
(-12, 3), (-17, 6), (-16, 7),
(-12, 2), (-10, 1), (-16, 5),
(-24, 12), (-30, 16), (-29, 17),
(-13, 4), (-16, 5), (-13, 4),
(-12, 1), (-10, 2), (-15, 4),
(-24, 11), (-30, 15), (-31, 17),
(-13, 5), (-18, 9), (-11, 3),
(-11, 1), (-12, 3), (-16, 5),
(-23, 12), (-28, 15), (-29, 17),
(-14, 6), (-15, 6), (-15, 7),
(-10, 1), (-13, 3), (-17, 5),
(-22, 10), (-28, 15), (-28, 16),
(-13, 5), (-13, 5), (-16, 8),
(-10, 2), (-13, 4), (-18, 7),
(-21, 9), (-27, 14), (-30, 17),
(-13, 4), (-12, 5), (-16, 9),
(-9, 2), (-13, 6), (-17, 6),
(-21, 8), (-26, 12), (-31, 18),
(-13, 4), (-11, 4), (-15, 6),
(-9, 2), (-13, 4), (-17, 6),
(-21, 9), (-28, 14), (-30, 17),
(-13, 5), (-13, 5), (-16, 8),
(-9, 3), (-13, 5), (-19, 8),
(-22, 10), (-28, 15), (-33, 20),
(-12, 5), (-15, 7), (-16, 6),
(-9, 3), (-14, 4), (-19, 8),
(-22, 9), (-28, 15), (-34, 20),
(-13, 3), (-17, 7), (-17, 8),
(-10, 3), (-14, 5), (-20, 8),
(-20, 9), (-29, 16), (-33, 20),
(-12, 3), (-15, 6), (-14, 6),
(-8, 3), (-15, 6), (-17, 7),
(-22, 9), (-31, 17), (-36, 23),
(-13, 3), (-16, 7), (-16, 8),
(-8, 1), (-14, 4), (-17, 6),
(-22, 9), (-29, 16), (-36, 22),
(-12, 2), (-14, 6), (-16, 6),
(-9, 3), (-14, 4), (-19, 9),
(-20, 9), (-30, 17), (-35, 20),
(-12, 3), (-13, 5), (-17, 8),